#lambda[A]  L[erg/s/Hz]         filter	     MJD-OBS   PHASE-REST
5197.03	3.3077166e+26	micSLOAN_SDSS.z	57983.97	1.49
2748.12	1.6927542e+25	micSLOAN_SDSS.g	57983.97	1.49
9438.38	6.9706508e+26	micParanal_HAWKI.H	57983.97	1.49
12862.98	7.2040820e+26	micUKIRT_UKIDSS.K	57983.97	1.49
7328.87	5.4804947e+26	micParanal_HAWKI.J	57983.97	1.49
4367.59	1.9268980e+26	micSLOAN_SDSS.i	57983.97	1.49
5941.18	4.5409234e+26	micParanal_HAWKI.Y	57983.97	1.49
3834.60	9.7476544e+25	micGeneric_Bessell.R	57983.97	1.49
5143.34	3.2462921e+26	micUKIRT_UKIDSS.Z	57983.97	1.49
3601.89	6.5045956e+25	micSLOAN_SDSS.r	57983.97	1.49
5197.03	3.8869109e+25	micSLOAN_SDSS.z	57985.98	3.47
2748.12	3.2329327e+23	micSLOAN_SDSS.g	57985.98	3.47
9438.38	3.0128999e+26	micParanal_HAWKI.H	57985.98	3.47
12862.98	4.9992546e+26	micUKIRT_UKIDSS.K	57985.98	3.47
7328.87	1.8300772e+26	micParanal_HAWKI.J	57985.98	3.47
4367.59	1.4728847e+25	micSLOAN_SDSS.i	57985.98	3.47
5941.18	7.9230480e+25	micParanal_HAWKI.Y	57985.98	3.47
3834.60	5.8378479e+24	micGeneric_Bessell.R	57985.98	3.47
5143.34	3.8231834e+25	micUKIRT_UKIDSS.Z	57985.98	3.47
3601.89	3.2229252e+24	micSLOAN_SDSS.r	57985.98	3.47
5197.03	1.6237190e+25	micSLOAN_SDSS.z	57987.98	5.45
2748.12	4.2107253e+23	micSLOAN_SDSS.g	57987.98	5.45
9438.38	1.7635859e+26	micParanal_HAWKI.H	57987.98	5.45
12862.98	3.1049686e+26	micUKIRT_UKIDSS.K	57987.98	5.45
7328.87	8.0257340e+25	micParanal_HAWKI.J	57987.98	5.45
4367.59	7.2606877e+24	micSLOAN_SDSS.i	57987.98	5.45
5941.18	3.1100202e+25	micParanal_HAWKI.Y	57987.98	5.45
3834.60	3.4679157e+24	micGeneric_Bessell.R	57987.98	5.45
5143.34	1.6129544e+25	micUKIRT_UKIDSS.Z	57987.98	5.45
3601.89	2.3372680e+24	micSLOAN_SDSS.r	57987.98	5.45
5197.03	1.0318066e+25	micSLOAN_SDSS.z	57988.98	6.44
2748.12	4.5880692e+23	micSLOAN_SDSS.g	57988.98	6.44
9438.38	1.1707586e+26	micParanal_HAWKI.H	57988.98	6.44
12862.98	1.9470211e+26	micUKIRT_UKIDSS.K	57988.98	6.44
7328.87	4.9451442e+25	micParanal_HAWKI.J	57988.98	6.44
4367.59	4.9551216e+24	micSLOAN_SDSS.i	57988.98	6.44
5941.18	2.0387757e+25	micParanal_HAWKI.Y	57988.98	6.44
3834.60	2.6673918e+24	micGeneric_Bessell.R	57988.98	6.44
5143.34	1.0059821e+25	micUKIRT_UKIDSS.Z	57988.98	6.44
3601.89	2.0129769e+24	micSLOAN_SDSS.r	57988.98	6.44
5197.03	1.0144289e+25	micSLOAN_SDSS.z	57989.98	7.43
2748.12	4.2704087e+22	micSLOAN_SDSS.g	57989.98	7.43
9438.38	8.5232640e+25	micParanal_HAWKI.H	57989.98	7.43
12862.98	1.4041194e+26	micUKIRT_UKIDSS.K	57989.98	7.43
7328.87	3.8463351e+25	micParanal_HAWKI.J	57989.98	7.43
4367.59	4.6407217e+24	micSLOAN_SDSS.i	57989.98	7.43
5941.18	1.7983853e+25	micParanal_HAWKI.Y	57989.98	7.43
3834.60	2.5424512e+24	micGeneric_Bessell.R	57989.98	7.43
5143.34	9.9883848e+24	micUKIRT_UKIDSS.Z	57989.98	7.43
3601.89	1.5345320e+24	micSLOAN_SDSS.r	57989.98	7.43
5197.03	1.0198996e+25	micSLOAN_SDSS.z	57990.98	8.42
2748.12	2.2630259e+23	micSLOAN_SDSS.g	57990.98	8.42
9438.38	6.1852882e+25	micParanal_HAWKI.H	57990.98	8.42
12862.98	1.0204818e+26	micUKIRT_UKIDSS.K	57990.98	8.42
7328.87	2.9099150e+25	micParanal_HAWKI.J	57990.98	8.42
4367.59	5.9865933e+24	micSLOAN_SDSS.i	57990.98	8.42
5941.18	1.7818270e+25	micParanal_HAWKI.Y	57990.98	8.42
3834.60	3.2404148e+24	micGeneric_Bessell.R	57990.98	8.42
5143.34	1.0286819e+25	micUKIRT_UKIDSS.Z	57990.98	8.42
3601.89	2.1315725e+24	micSLOAN_SDSS.r	57990.98	8.42
5197.03	8.6656553e+24	micSLOAN_SDSS.z	57991.97	9.41
2748.12	1.7047847e+23	micSLOAN_SDSS.g	57991.97	9.41
9438.38	4.3671736e+25	micParanal_HAWKI.H	57991.97	9.41
12862.98	7.5561622e+25	micUKIRT_UKIDSS.K	57991.97	9.41
7328.87	2.3556595e+25	micParanal_HAWKI.J	57991.97	9.41
4367.59	5.0345262e+24	micSLOAN_SDSS.i	57991.97	9.41
5941.18	1.5426610e+25	micParanal_HAWKI.Y	57991.97	9.41
3834.60	2.2800832e+24	micGeneric_Bessell.R	57991.97	9.41
5143.34	8.6236908e+24	micUKIRT_UKIDSS.Z	57991.97	9.41
3601.89	1.5047256e+24	micSLOAN_SDSS.r	57991.97	9.41
5197.03	8.4107841e+24	micSLOAN_SDSS.z	57992.97	10.40
2748.12	2.0441133e+23	micSLOAN_SDSS.g	57992.97	10.40
9438.38	3.4930698e+25	micParanal_HAWKI.H	57992.97	10.40
12862.98	5.7678170e+25	micUKIRT_UKIDSS.K	57992.97	10.40
7328.87	2.0307629e+25	micParanal_HAWKI.J	57992.97	10.40
4367.59	4.9572293e+24	micSLOAN_SDSS.i	57992.97	10.40
5941.18	1.4018975e+25	micParanal_HAWKI.Y	57992.97	10.40
3834.60	2.5479864e+24	micGeneric_Bessell.R	57992.97	10.40
5143.34	8.2679838e+24	micUKIRT_UKIDSS.Z	57992.97	10.40
3601.89	1.6335578e+24	micSLOAN_SDSS.r	57992.97	10.40
5197.03	5.2287416e+24	micSLOAN_SDSS.z	57993.97	11.39
2748.12	2.2324940e+23	micSLOAN_SDSS.g	57993.97	11.39
9438.38	2.0398171e+25	micParanal_HAWKI.H	57993.97	11.39
12862.98	2.6682668e+25	micUKIRT_UKIDSS.K	57993.97	11.39
7328.87	9.5163035e+24	micParanal_HAWKI.J	57993.97	11.39
4367.59	3.2806078e+24	micSLOAN_SDSS.i	57993.97	11.39
5941.18	7.1766712e+24	micParanal_HAWKI.Y	57993.97	11.39
3834.60	1.5879339e+24	micGeneric_Bessell.R	57993.97	11.39
5143.34	5.5684358e+24	micUKIRT_UKIDSS.Z	57993.97	11.39
3601.89	1.4334778e+24	micSLOAN_SDSS.r	57993.97	11.39
5197.03	7.6599707e+24	micSLOAN_SDSS.z	57994.97	12.38
2748.12	2.4130027e+23	micSLOAN_SDSS.g	57994.97	12.38
9438.38	3.4463321e+25	micParanal_HAWKI.H	57994.97	12.38
12862.98	6.7915212e+25	micUKIRT_UKIDSS.K	57994.97	12.38
7328.87	2.1647037e+25	micParanal_HAWKI.J	57994.97	12.38
4367.59	4.4683025e+24	micSLOAN_SDSS.i	57994.97	12.38
5941.18	1.4184395e+25	micParanal_HAWKI.Y	57994.97	12.38
3834.60	2.9753848e+24	micGeneric_Bessell.R	57994.97	12.38
5143.34	7.3196010e+24	micUKIRT_UKIDSS.Z	57994.97	12.38
3601.89	1.6968592e+24	micSLOAN_SDSS.r	57994.97	12.38
5197.03	6.8211909e+24	micSLOAN_SDSS.z	57995.97	13.37
2748.12	2.0169566e+23	micSLOAN_SDSS.g	57995.97	13.37
9438.38	2.3991257e+25	micParanal_HAWKI.H	57995.97	13.37
12862.98	7.3752944e+25	micUKIRT_UKIDSS.K	57995.97	13.37
7328.87	1.5252542e+25	micParanal_HAWKI.J	57995.97	13.37
4367.59	2.6519043e+24	micSLOAN_SDSS.i	57995.97	13.37
5941.18	1.1147680e+25	micParanal_HAWKI.Y	57995.97	13.37
3834.60	1.5079664e+24	micGeneric_Bessell.R	57995.97	13.37
5143.34	6.1814966e+24	micUKIRT_UKIDSS.Z	57995.97	13.37
3601.89	9.3616067e+23	micSLOAN_SDSS.r	57995.97	13.37
5197.03	5.4547295e+24	micSLOAN_SDSS.z	57996.97	14.36
2748.12	1.3846977e+23	micSLOAN_SDSS.g	57996.97	14.36
9438.38	2.0550565e+25	micParanal_HAWKI.H	57996.97	14.36
12862.98	4.3474422e+25	micUKIRT_UKIDSS.K	57996.97	14.36
7328.87	1.4235125e+25	micParanal_HAWKI.J	57996.97	14.36
4367.59	2.1056816e+24	micSLOAN_SDSS.i	57996.97	14.36
5941.18	1.0588641e+25	micParanal_HAWKI.Y	57996.97	14.36
3834.60	1.3323504e+24	micGeneric_Bessell.R	57996.97	14.36
5143.34	5.0943292e+24	micUKIRT_UKIDSS.Z	57996.97	14.36
3601.89	1.0215157e+24	micSLOAN_SDSS.r	57996.97	14.36
5197.03	5.8005012e+24	micSLOAN_SDSS.z	57997.97	15.35
2748.12	1.6981192e+23	micSLOAN_SDSS.g	57997.97	15.35
9438.38	1.9284548e+25	micParanal_HAWKI.H	57997.97	15.35
12862.98	4.3015335e+25	micUKIRT_UKIDSS.K	57997.97	15.35
7328.87	1.2180912e+25	micParanal_HAWKI.J	57997.97	15.35
4367.59	2.6485436e+24	micSLOAN_SDSS.i	57997.97	15.35
5941.18	1.0524241e+25	micParanal_HAWKI.Y	57997.97	15.35
3834.60	8.2234277e+23	micGeneric_Bessell.R	57997.97	15.35
5143.34	5.0368717e+24	micUKIRT_UKIDSS.Z	57997.97	15.35
3601.89	1.1008245e+24	micSLOAN_SDSS.r	57997.97	15.35
5197.03	1.0775189e+25	micSLOAN_SDSS.z	57998.97	16.34
2748.12	3.6084852e+23	micSLOAN_SDSS.g	57998.97	16.34
9438.38	3.3894674e+25	micParanal_HAWKI.H	57998.97	16.34
12862.98	6.7884105e+25	micUKIRT_UKIDSS.K	57998.97	16.34
7328.87	2.4876797e+25	micParanal_HAWKI.J	57998.97	16.34
4367.59	3.3066170e+24	micSLOAN_SDSS.i	57998.97	16.34
5941.18	2.0221845e+25	micParanal_HAWKI.Y	57998.97	16.34
3834.60	2.3410328e+24	micGeneric_Bessell.R	57998.97	16.34
5143.34	8.3198379e+24	micUKIRT_UKIDSS.Z	57998.97	16.34
3601.89	2.3084569e+24	micSLOAN_SDSS.r	57998.97	16.34
5197.03	2.3417415e+26	micSLOAN_SDSS.z	57983.03	0.50
2748.12	4.3719386e+26	micSLOAN_SDSS.g	57983.03	0.50
9438.38	4.2199456e+27	micParanal_HAWKI.H	57983.03	0.50
12862.98	1.0796276e+27	micUKIRT_UKIDSS.K	57983.03	0.50
7328.87	4.6300953e+26	micParanal_HAWKI.J	57983.03	0.50
4367.59	2.9653135e+26	micSLOAN_SDSS.i	57983.03	0.50
5941.18	4.7402359e+26	micParanal_HAWKI.Y	57983.03	0.50
3834.60	4.9858753e+26	micGeneric_Bessell.R	57983.03	0.50
5143.34	2.2034680e+26	micUKIRT_UKIDSS.Z	57983.03	0.50
3601.89	5.4459304e+26	micSLOAN_SDSS.r	57983.03	0.50
5197.03	1.7787241e+26	micSLOAN_SDSS.z	57983.53	0.99
2748.12	8.5641771e+25	micSLOAN_SDSS.g	57983.53	0.99
9438.38	1.1323337e+27	micParanal_HAWKI.H	57983.53	0.99
12862.98	2.5565165e+27	micUKIRT_UKIDSS.K	57983.53	0.99
7328.87	6.0522742e+26	micParanal_HAWKI.J	57983.53	0.99
4367.59	2.4430341e+26	micSLOAN_SDSS.i	57983.53	0.99
5941.18	4.1723950e+26	micParanal_HAWKI.Y	57983.53	0.99
3834.60	2.1400642e+26	micGeneric_Bessell.R	57983.53	0.99
5143.34	1.6307657e+26	micUKIRT_UKIDSS.Z	57983.53	0.99
3601.89	1.9755918e+26	micSLOAN_SDSS.r	57983.53	0.99
5197.03	9.6113505e+25	micSLOAN_SDSS.z	57984.95	2.40
2748.12	2.0823615e+24	micSLOAN_SDSS.g	57984.95	2.40
9438.38	2.8476551e+26	micParanal_HAWKI.H	57984.95	2.40
12862.98	9.0314985e+26	micUKIRT_UKIDSS.K	57984.95	2.40
7328.87	1.7808963e+26	micParanal_HAWKI.J	57984.95	2.40
4367.59	8.9172667e+25	micSLOAN_SDSS.i	57984.95	2.40
5941.18	1.4105725e+26	micParanal_HAWKI.Y	57984.95	2.40
3834.60	6.8596715e+25	micGeneric_Bessell.R	57984.95	2.40
5143.34	9.3572950e+25	micUKIRT_UKIDSS.Z	57984.95	2.40
3601.89	5.5147194e+25	micSLOAN_SDSS.r	57984.95	2.40
5197.03	3.5225134e+25	micSLOAN_SDSS.z	57987.03	4.46
2748.12	8.3311491e+23	micSLOAN_SDSS.g	57987.03	4.46
9438.38	1.0456521e+26	micParanal_HAWKI.H	57987.03	4.46
12862.98	3.0662922e+26	micUKIRT_UKIDSS.K	57987.03	4.46
7328.87	7.5116393e+25	micParanal_HAWKI.J	57987.03	4.46
4367.59	4.3154646e+25	micSLOAN_SDSS.i	57987.03	4.46
5941.18	7.5134437e+25	micParanal_HAWKI.Y	57987.03	4.46
3834.60	4.3113809e+25	micGeneric_Bessell.R	57987.03	4.46
5143.34	3.3005327e+25	micUKIRT_UKIDSS.Z	57987.03	4.46
3601.89	3.8686562e+25	micSLOAN_SDSS.r	57987.03	4.46
