#lambda[A]  L[erg/s/Hz]         filter	     MJD-OBS   PHASE-REST
-99.00	-9.9000000e+01	micGeneric_Bessell.B	57983.03	0.50
-99.00	-9.9000000e+01	micGeneric_Bessell.U	57983.03	0.50
-99.00	-9.9000000e+01	micSLOAN_SDSS.g	57983.03	0.50
-99.00	-9.9000000e+01	micSLOAN_SDSS.u	57983.03	0.50
-99.00	-9.9000000e+01	micSwift_UVOT.UVB	57983.03	0.50
-99.00	-9.9000000e+01	micSwift_UVOT.UVM2	57983.03	0.50
-99.00	-9.9000000e+01	micSwift_UVOT.UVU	57983.03	0.50
-99.00	-9.9000000e+01	micSwift_UVOT.UVW1	57983.03	0.50
-99.00	-9.9000000e+01	micSwift_UVOT.UVW2	57983.03	0.50
-99.00	-9.9000000e+01	micSwift_UVOT.UVWHITE	57983.03	0.50
2052.57	1.2786837e+23	micSwift_UVOT.UVW2	57991.97	9.41
2052.57	1.8713675e+23	micSwift_UVOT.UVW2	57986.98	4.41
2052.57	2.1032363e+23	micSwift_UVOT.UVW2	57985.98	3.47
2052.57	2.6524803e+23	micSwift_UVOT.UVW2	57992.97	10.40
2052.57	2.9013761e+23	micSwift_UVOT.UVW2	57987.98	5.45
2052.57	3.7516431e+23	micSwift_UVOT.UVW2	57989.98	7.43
2052.57	4.0210336e+23	micSwift_UVOT.UVW2	57984.98	2.43
2052.57	6.3068658e+23	micSwift_UVOT.UVW2	57988.98	6.44
2052.57	7.3624972e+23	micSwift_UVOT.UVW2	57990.98	8.42
2052.57	7.8394631e+23	micSwift_UVOT.UVW2	57993.97	11.39
2052.57	4.8621339e+24	micSwift_UVOT.UVW2	57983.97	1.49
2052.57	2.6484287e+25	micSwift_UVOT.UVW2	57983.53	0.99
2052.57	6.9576294e+25	micSwift_UVOT.UVW2	57983.17	0.64
2252.34	2.0165241e+23	micSwift_UVOT.UVM2	57991.97	9.41
2252.34	2.9349526e+23	micSwift_UVOT.UVM2	57986.98	4.41
2252.34	3.4129572e+23	micSwift_UVOT.UVM2	57985.98	3.47
2252.34	3.9305497e+23	micSwift_UVOT.UVM2	57992.97	10.40
2252.34	4.3634230e+23	micSwift_UVOT.UVM2	57987.98	5.45
2252.34	5.3073204e+23	micSwift_UVOT.UVM2	57989.98	7.43
2252.34	6.5913045e+23	micSwift_UVOT.UVM2	57984.98	2.43
2252.34	8.4543475e+23	micSwift_UVOT.UVM2	57988.98	6.44
2252.34	9.8485728e+23	micSwift_UVOT.UVM2	57990.98	8.42
2252.34	9.8896691e+23	micSwift_UVOT.UVM2	57993.97	11.39
2252.34	7.6597163e+24	micSwift_UVOT.UVM2	57983.97	1.49
2252.34	4.3455806e+25	micSwift_UVOT.UVM2	57983.53	0.99
2252.34	1.0703642e+26	micSwift_UVOT.UVM2	57983.17	0.64
2556.79	3.9626699e+23	micSwift_UVOT.UVW1	57991.97	9.41
2556.79	6.3723155e+23	micSwift_UVOT.UVW1	57986.98	4.41
2556.79	6.6836899e+23	micSwift_UVOT.UVW1	57992.97	10.40
2556.79	7.3525675e+23	micSwift_UVOT.UVW1	57985.98	3.47
2556.79	7.6516398e+23	micSwift_UVOT.UVW1	57987.98	5.45
2556.79	8.3576569e+23	micSwift_UVOT.UVW1	57989.98	7.43
2556.79	1.2145097e+24	micSwift_UVOT.UVW1	57988.98	6.44
2556.79	1.3182922e+24	micSwift_UVOT.UVW1	57993.97	11.39
2556.79	1.4127619e+24	micSwift_UVOT.UVW1	57990.98	8.42
2556.79	1.7193303e+24	micSwift_UVOT.UVW1	57984.98	2.43
2556.79	1.5927450e+25	micSwift_UVOT.UVW1	57983.97	1.49
2556.79	1.0683620e+26	micSwift_UVOT.UVW1	57983.53	0.99
2556.79	2.1812265e+26	micSwift_UVOT.UVW1	57983.17	0.64
3497.11	1.7329709e+24	micSwift_UVOT.UVU	57991.97	9.41
3497.11	2.0439373e+24	micSwift_UVOT.UVU	57992.97	10.40
3497.11	2.1176928e+24	micSwift_UVOT.UVU	57993.97	11.39
3497.11	2.1876570e+24	micSwift_UVOT.UVU	57989.98	7.43
3497.11	2.5094426e+24	micSwift_UVOT.UVU	57988.98	6.44
3497.11	2.5408018e+24	micSwift_UVOT.UVU	57987.98	5.45
3497.11	2.8731231e+24	micSwift_UVOT.UVU	57990.98	8.42
3497.11	4.0163688e+24	micSwift_UVOT.UVU	57985.98	3.47
3497.11	4.0204069e+24	micSwift_UVOT.UVU	57986.98	4.41
3497.11	1.3289325e+25	micSwift_UVOT.UVU	57984.98	2.43
3497.11	8.1914831e+25	micSwift_UVOT.UVU	57983.97	1.49
3497.11	3.4394119e+26	micSwift_UVOT.UVU	57983.53	0.99
3497.11	6.5456635e+26	micSwift_UVOT.UVU	57983.17	0.64
3541.59	2.5774863e+24	micSwift_UVOT.UVWHITE	57991.97	9.41
3541.59	2.6644903e+24	micSwift_UVOT.UVWHITE	57993.97	11.39
3541.59	2.7984663e+24	micSwift_UVOT.UVWHITE	57992.97	10.40
3541.59	3.1601478e+24	micSwift_UVOT.UVWHITE	57989.98	7.43
3541.59	3.6566361e+24	micSwift_UVOT.UVWHITE	57988.98	6.44
3541.59	3.9080840e+24	micSwift_UVOT.UVWHITE	57990.98	8.42
3541.59	4.4406793e+24	micSwift_UVOT.UVWHITE	57987.98	5.45
3541.59	6.1518631e+24	micSwift_UVOT.UVWHITE	57986.98	4.41
3541.59	9.1255355e+24	micSwift_UVOT.UVWHITE	57985.98	3.47
3541.59	2.2994144e+25	micSwift_UVOT.UVWHITE	57984.98	2.43
3541.59	9.8524302e+25	micSwift_UVOT.UVWHITE	57983.97	1.49
3541.59	2.7230965e+26	micSwift_UVOT.UVWHITE	57983.53	0.99
3541.59	4.8801944e+26	micSwift_UVOT.UVWHITE	57983.17	0.64
3562.83	1.9417024e+24	micSLOAN_SDSS.u	57991.97	9.41
3562.83	1.9662104e+24	micSLOAN_SDSS.u	57993.97	11.39
3562.83	2.4041201e+24	micSLOAN_SDSS.u	57992.97	10.40
3562.83	2.5433823e+24	micSLOAN_SDSS.u	57989.98	7.43
3562.83	2.7715414e+24	micSLOAN_SDSS.u	57987.98	5.45
3562.83	2.8703018e+24	micSLOAN_SDSS.u	57988.98	6.44
3562.83	3.1105169e+24	micSLOAN_SDSS.u	57990.98	8.42
3562.83	4.3720787e+24	micSLOAN_SDSS.u	57986.98	4.41
3562.83	5.0438926e+24	micSLOAN_SDSS.u	57985.98	3.47
3562.83	1.4119372e+25	micSLOAN_SDSS.u	57984.98	2.43
3562.83	9.1501054e+25	micSLOAN_SDSS.u	57983.97	1.49
3562.83	3.6964490e+26	micSLOAN_SDSS.u	57983.53	0.99
3562.83	7.0286443e+26	micSLOAN_SDSS.u	57983.17	0.64
3605.01	2.0195650e+24	micGeneric_Bessell.U	57993.97	11.39
3605.01	2.3144418e+24	micGeneric_Bessell.U	57992.97	10.40
3605.01	2.4323295e+24	micGeneric_Bessell.U	57991.97	9.41
3605.01	2.9946145e+24	micGeneric_Bessell.U	57988.98	6.44
3605.01	3.1143421e+24	micGeneric_Bessell.U	57990.98	8.42
3605.01	3.1820830e+24	micGeneric_Bessell.U	57987.98	5.45
3605.01	3.2134998e+24	micGeneric_Bessell.U	57989.98	7.43
3605.01	4.5088394e+24	micGeneric_Bessell.U	57986.98	4.41
3605.01	5.3470064e+24	micGeneric_Bessell.U	57985.98	3.47
3605.01	1.6510169e+25	micGeneric_Bessell.U	57984.98	2.43
3605.01	1.0185234e+26	micGeneric_Bessell.U	57983.97	1.49
3605.01	3.8080652e+26	micGeneric_Bessell.U	57983.53	0.99
3605.01	7.1809820e+26	micGeneric_Bessell.U	57983.17	0.64
4359.38	5.2162044e+24	micSwift_UVOT.UVB	57993.97	11.39
4359.38	6.9018425e+24	micSwift_UVOT.UVB	57989.98	7.43
4359.38	7.2040134e+24	micSwift_UVOT.UVB	57988.98	6.44
4359.38	7.4604775e+24	micSwift_UVOT.UVB	57992.97	10.40
4359.38	7.5120442e+24	micSwift_UVOT.UVB	57991.97	9.41
4359.38	8.2627812e+24	micSwift_UVOT.UVB	57990.98	8.42
4359.38	1.0332464e+25	micSwift_UVOT.UVB	57987.98	5.45
4359.38	1.2414698e+25	micSwift_UVOT.UVB	57986.98	4.41
4359.38	2.1061106e+25	micSwift_UVOT.UVB	57985.98	3.47
4359.38	5.8849275e+25	micSwift_UVOT.UVB	57984.98	2.43
4359.38	2.7655035e+26	micSwift_UVOT.UVB	57983.97	1.49
4359.38	6.1115857e+26	micSwift_UVOT.UVB	57983.53	0.99
4359.38	9.9963668e+26	micSwift_UVOT.UVB	57983.17	0.64
4410.96	6.0366247e+24	micGeneric_Bessell.B	57993.97	11.39
4410.96	7.7166176e+24	micGeneric_Bessell.B	57989.98	7.43
4410.96	7.8018626e+24	micGeneric_Bessell.B	57992.97	10.40
4410.96	7.8029640e+24	micGeneric_Bessell.B	57988.98	6.44
4410.96	7.9257519e+24	micGeneric_Bessell.B	57990.98	8.42
4410.96	7.9538129e+24	micGeneric_Bessell.B	57991.97	9.41
4410.96	1.0568214e+25	micGeneric_Bessell.B	57987.98	5.45
4410.96	1.3880605e+25	micGeneric_Bessell.B	57986.98	4.41
4410.96	2.3048018e+25	micGeneric_Bessell.B	57985.98	3.47
4410.96	6.1522696e+25	micGeneric_Bessell.B	57984.98	2.43
4410.96	2.8525165e+26	micGeneric_Bessell.B	57983.97	1.49
4410.96	6.1605610e+26	micGeneric_Bessell.B	57983.53	0.99
4410.96	1.0017919e+27	micGeneric_Bessell.B	57983.17	0.64
4718.51	6.2980110e+24	micSLOAN_SDSS.g	57993.97	11.39
4718.51	9.1952350e+24	micSLOAN_SDSS.g	57992.97	10.40
4718.51	9.2738988e+24	micSLOAN_SDSS.g	57991.97	9.41
4718.51	9.3061297e+24	micSLOAN_SDSS.g	57989.98	7.43
4718.51	9.6988797e+24	micSLOAN_SDSS.g	57988.98	6.44
4718.51	1.0683041e+25	micSLOAN_SDSS.g	57990.98	8.42
4718.51	1.5083746e+25	micSLOAN_SDSS.g	57987.98	5.45
4718.51	2.1577007e+25	micSLOAN_SDSS.g	57986.98	4.41
4718.51	3.3573547e+25	micSLOAN_SDSS.g	57985.98	3.47
4718.51	8.7591526e+25	micSLOAN_SDSS.g	57984.98	2.43
4718.51	3.4926895e+26	micSLOAN_SDSS.g	57983.97	1.49
4718.51	6.7694075e+26	micSLOAN_SDSS.g	57983.53	0.99
4718.51	1.0454535e+27	micSLOAN_SDSS.g	57983.17	0.64
5430.39	7.2745059e+24	micSwift_UVOT.UVV	57993.97	11.39
5430.39	1.2261057e+25	micSwift_UVOT.UVV	57992.97	10.40
5430.39	1.2484393e+25	micSwift_UVOT.UVV	57991.97	9.41
5430.39	1.5030073e+25	micSwift_UVOT.UVV	57989.98	7.43
5430.39	1.5157888e+25	micSwift_UVOT.UVV	57990.98	8.42
5430.39	1.5471711e+25	micSwift_UVOT.UVV	57988.98	6.44
5430.39	2.4348516e+25	micSwift_UVOT.UVV	57987.98	5.45
5430.39	4.3368405e+25	micSwift_UVOT.UVV	57986.98	4.41
5430.39	6.1793000e+25	micSwift_UVOT.UVV	57985.98	3.47
5430.39	1.5596897e+26	micSwift_UVOT.UVV	57984.98	2.43
5430.39	4.8756906e+26	micSwift_UVOT.UVV	57983.97	1.49
5430.39	7.1225961e+26	micSwift_UVOT.UVV	57983.53	0.99
5430.39	9.7894850e+26	micSwift_UVOT.UVV	57983.17	0.64
5430.39	1.1078617e+27	micSwift_UVOT.UVV	57983.03	0.50
5510.96	8.1269445e+24	micGeneric_Bessell.V	57993.97	11.39
5510.96	1.2194552e+25	micGeneric_Bessell.V	57991.97	9.41
5510.96	1.2655576e+25	micGeneric_Bessell.V	57992.97	10.40
5510.96	1.6403683e+25	micGeneric_Bessell.V	57989.98	7.43
5510.96	1.6592741e+25	micGeneric_Bessell.V	57990.98	8.42
5510.96	1.6820615e+25	micGeneric_Bessell.V	57988.98	6.44
5510.96	2.6627907e+25	micGeneric_Bessell.V	57987.98	5.45
5510.96	4.5817568e+25	micGeneric_Bessell.V	57986.98	4.41
5510.96	6.7530712e+25	micGeneric_Bessell.V	57985.98	3.47
5510.96	1.6283679e+26	micGeneric_Bessell.V	57984.98	2.43
5510.96	5.0040106e+26	micGeneric_Bessell.V	57983.97	1.49
5510.96	7.3552910e+26	micGeneric_Bessell.V	57983.53	0.99
5510.96	1.0143902e+27	micGeneric_Bessell.V	57983.17	0.64
5510.96	1.1501277e+27	micGeneric_Bessell.V	57983.03	0.50
5946.62	8.6215311e+24	hst_wfc3_uvis.f606w	57993.97	11.39
5946.62	1.6226373e+25	hst_wfc3_uvis.f606w	57992.97	10.40
5946.62	1.7202506e+25	hst_wfc3_uvis.f606w	57991.97	9.41
5946.62	2.0612202e+25	hst_wfc3_uvis.f606w	57990.98	8.42
5946.62	2.1795296e+25	hst_wfc3_uvis.f606w	57989.98	7.43
5946.62	2.4318212e+25	hst_wfc3_uvis.f606w	57988.98	6.44
5946.62	3.8493087e+25	hst_wfc3_uvis.f606w	57987.98	5.45
5946.62	6.1290456e+25	hst_wfc3_uvis.f606w	57986.98	4.41
5946.62	9.9299647e+25	hst_wfc3_uvis.f606w	57985.98	3.47
5946.62	2.1190328e+26	hst_wfc3_uvis.f606w	57984.98	2.43
5946.62	5.6753034e+26	hst_wfc3_uvis.f606w	57983.97	1.49
5946.62	8.2573743e+26	hst_wfc3_uvis.f606w	57983.53	0.99
5946.62	1.1359253e+27	hst_wfc3_uvis.f606w	57983.17	0.64
5946.62	1.2885259e+27	hst_wfc3_uvis.f606w	57983.03	0.50
6184.45	9.5118840e+24	micSLOAN_SDSS.r	57993.97	11.39
6184.45	1.8900279e+25	micSLOAN_SDSS.r	57992.97	10.40
6184.45	2.0494048e+25	micSLOAN_SDSS.r	57991.97	9.41
6184.45	2.4637329e+25	micSLOAN_SDSS.r	57990.98	8.42
6184.45	2.6471418e+25	micSLOAN_SDSS.r	57989.98	7.43
6184.45	3.0290254e+25	micSLOAN_SDSS.r	57988.98	6.44
6184.45	4.6367407e+25	micSLOAN_SDSS.r	57987.98	5.45
6184.45	6.9031571e+25	micSLOAN_SDSS.r	57986.98	4.41
6184.45	1.1798867e+26	micSLOAN_SDSS.r	57985.98	3.47
6184.45	2.4340151e+26	micSLOAN_SDSS.r	57984.98	2.43
6184.45	6.2175716e+26	micSLOAN_SDSS.r	57983.97	1.49
6184.45	8.5027450e+26	micSLOAN_SDSS.r	57983.53	0.99
6184.45	1.1490166e+27	micSLOAN_SDSS.r	57983.17	0.64
6184.45	1.2938225e+27	micSLOAN_SDSS.r	57983.03	0.50
6469.31	9.6118231e+24	mic.R_Cousins	57993.97	11.39
6469.31	2.0151728e+25	mic.R_Cousins	57992.97	10.40
6469.31	2.1046166e+25	mic.R_Cousins	57991.97	9.41
6469.31	2.6017199e+25	mic.R_Cousins	57990.98	8.42
6469.31	2.9807417e+25	mic.R_Cousins	57989.98	7.43
6469.31	3.5612764e+25	mic.R_Cousins	57988.98	6.44
6469.31	5.5501937e+25	mic.R_Cousins	57987.98	5.45
6469.31	8.6494184e+25	mic.R_Cousins	57986.98	4.41
6469.31	1.4413018e+26	mic.R_Cousins	57985.98	3.47
6469.31	2.7599828e+26	mic.R_Cousins	57984.98	2.43
6469.31	6.4751353e+26	mic.R_Cousins	57983.97	1.49
6469.31	8.8892173e+26	mic.R_Cousins	57983.53	0.99
6469.31	1.1913771e+27	mic.R_Cousins	57983.17	0.64
6469.31	1.3381326e+27	mic.R_Cousins	57983.03	0.50
6584.00	1.0191060e+25	micGeneric_Bessell.R	57993.97	11.39
6584.00	2.0338922e+25	micGeneric_Bessell.R	57992.97	10.40
6584.00	2.0488811e+25	micGeneric_Bessell.R	57991.97	9.41
6584.00	2.7851282e+25	micGeneric_Bessell.R	57990.98	8.42
6584.00	3.2223888e+25	micGeneric_Bessell.R	57989.98	7.43
6584.00	3.8265597e+25	micGeneric_Bessell.R	57988.98	6.44
6584.00	5.9849820e+25	micGeneric_Bessell.R	57987.98	5.45
6584.00	9.3715946e+25	micGeneric_Bessell.R	57986.98	4.41
6584.00	1.5274407e+26	micGeneric_Bessell.R	57985.98	3.47
6584.00	2.8321551e+26	micGeneric_Bessell.R	57984.98	2.43
6584.00	6.5042801e+26	micGeneric_Bessell.R	57983.97	1.49
6584.00	8.9423432e+26	micGeneric_Bessell.R	57983.53	0.99
6584.00	1.1898224e+27	micGeneric_Bessell.R	57983.17	0.64
6584.00	1.3326279e+27	micGeneric_Bessell.R	57983.03	0.50
7499.15	1.2444851e+25	micSLOAN_SDSS.i	57993.97	11.39
7499.15	2.5486407e+25	micSLOAN_SDSS.i	57992.97	10.40
7499.15	3.1156774e+25	micSLOAN_SDSS.i	57991.97	9.41
7499.15	3.8187363e+25	micSLOAN_SDSS.i	57990.98	8.42
7499.15	5.1504289e+25	micSLOAN_SDSS.i	57989.98	7.43
7499.15	6.6601706e+25	micSLOAN_SDSS.i	57988.98	6.44
7499.15	1.0589286e+26	micSLOAN_SDSS.i	57987.98	5.45
7499.15	1.6392583e+26	micSLOAN_SDSS.i	57986.98	4.41
7499.15	2.3052298e+26	micSLOAN_SDSS.i	57985.98	3.47
7499.15	3.8216577e+26	micSLOAN_SDSS.i	57984.98	2.43
7499.15	6.6965874e+26	micSLOAN_SDSS.i	57983.97	1.49
7499.15	9.2786328e+26	micSLOAN_SDSS.i	57983.53	0.99
7499.15	1.1623901e+27	micSLOAN_SDSS.i	57983.17	0.64
7499.15	1.2721096e+27	micSLOAN_SDSS.i	57983.03	0.50
8059.61	1.3029239e+25	micGeneric_Bessell.I	57993.97	11.39
8059.61	2.8147363e+25	micGeneric_Bessell.I	57992.97	10.40
8059.61	3.6347559e+25	micGeneric_Bessell.I	57991.97	9.41
8059.61	4.6514497e+25	micGeneric_Bessell.I	57990.98	8.42
8059.61	6.3249169e+25	micGeneric_Bessell.I	57989.98	7.43
8059.61	8.3632979e+25	micGeneric_Bessell.I	57988.98	6.44
8059.61	1.3205972e+26	micGeneric_Bessell.I	57987.98	5.45
8059.61	1.9447043e+26	micGeneric_Bessell.I	57986.98	4.41
8059.61	2.5101367e+26	micGeneric_Bessell.I	57985.98	3.47
8059.61	4.0783541e+26	micGeneric_Bessell.I	57984.98	2.43
8059.61	6.7902461e+26	micGeneric_Bessell.I	57983.97	1.49
8059.61	8.9244115e+26	micGeneric_Bessell.I	57983.53	0.99
8059.61	1.0526976e+27	micGeneric_Bessell.I	57983.17	0.64
8059.61	1.1230827e+27	micGeneric_Bessell.I	57983.03	0.50
8339.40	1.4518621e+25	hst_wfc3_uvis.f814w	57993.97	11.39
8339.40	3.1317173e+25	hst_wfc3_uvis.f814w	57992.97	10.40
8339.40	3.8427976e+25	hst_wfc3_uvis.f814w	57991.97	9.41
8339.40	5.0007340e+25	hst_wfc3_uvis.f814w	57990.98	8.42
8339.40	6.9739078e+25	hst_wfc3_uvis.f814w	57989.98	7.43
8339.40	9.2080925e+25	hst_wfc3_uvis.f814w	57988.98	6.44
8339.40	1.4113095e+26	hst_wfc3_uvis.f814w	57987.98	5.45
8339.40	2.0827049e+26	hst_wfc3_uvis.f814w	57986.98	4.41
8339.40	2.6410063e+26	hst_wfc3_uvis.f814w	57985.98	3.47
8339.40	4.3538370e+26	hst_wfc3_uvis.f814w	57984.98	2.43
8339.40	7.1731948e+26	hst_wfc3_uvis.f814w	57983.97	1.49
8339.40	9.1173580e+26	hst_wfc3_uvis.f814w	57983.53	0.99
8339.40	1.0575408e+27	hst_wfc3_uvis.f814w	57983.17	0.64
8339.40	1.1217992e+27	hst_wfc3_uvis.f814w	57983.03	0.50
8831.12	1.5719922e+25	micUKIRT_UKIDSS.Zg	57993.97	11.39
8831.12	3.4018544e+25	micUKIRT_UKIDSS.Zg	57992.97	10.40
8831.12	4.2180627e+25	micUKIRT_UKIDSS.Zg	57991.97	9.41
8831.12	5.6639236e+25	micUKIRT_UKIDSS.Zg	57990.98	8.42
8831.12	8.0453881e+25	micUKIRT_UKIDSS.Zg	57989.98	7.43
8831.12	1.0692764e+26	micUKIRT_UKIDSS.Zg	57988.98	6.44
8831.12	1.5981020e+26	micUKIRT_UKIDSS.Zg	57987.98	5.45
8831.12	2.2572197e+26	micUKIRT_UKIDSS.Zg	57986.98	4.41
8831.12	2.7139759e+26	micUKIRT_UKIDSS.Zg	57985.98	3.47
8831.12	4.4955064e+26	micUKIRT_UKIDSS.Zg	57984.98	2.43
8831.12	7.3830973e+26	micUKIRT_UKIDSS.Zg	57983.97	1.49
8831.12	8.5709757e+26	micUKIRT_UKIDSS.Zg	57983.53	0.99
8831.12	9.2980390e+26	micUKIRT_UKIDSS.Zg	57983.17	0.64
8831.12	9.5748012e+26	micUKIRT_UKIDSS.Zg	57983.03	0.50
8923.30	1.8124362e+25	micSLOAN_SDSS.z	57993.97	11.39
8923.30	3.5748186e+25	micSLOAN_SDSS.z	57992.97	10.40
8923.30	4.4789252e+25	micSLOAN_SDSS.z	57991.97	9.41
8923.30	6.0474194e+25	micSLOAN_SDSS.z	57990.98	8.42
8923.30	8.4813680e+25	micSLOAN_SDSS.z	57989.98	7.43
8923.30	1.1270733e+26	micSLOAN_SDSS.z	57988.98	6.44
8923.30	1.6742082e+26	micSLOAN_SDSS.z	57987.98	5.45
8923.30	2.3738465e+26	micSLOAN_SDSS.z	57986.98	4.41
8923.30	2.8770801e+26	micSLOAN_SDSS.z	57985.98	3.47
8923.30	4.7072029e+26	micSLOAN_SDSS.z	57984.98	2.43
8923.30	7.5038594e+26	micSLOAN_SDSS.z	57983.97	1.49
8923.30	8.7599637e+26	micSLOAN_SDSS.z	57983.53	0.99
8923.30	9.4256214e+26	micSLOAN_SDSS.z	57983.17	0.64
8923.30	9.6755031e+26	micSLOAN_SDSS.z	57983.03	0.50
10201.01	2.7234321e+25	micParanal_HAWKI.Y	57993.97	11.39
10201.01	4.4368102e+25	micParanal_HAWKI.Y	57992.97	10.40
10201.01	5.4232664e+25	micParanal_HAWKI.Y	57991.97	9.41
10201.01	8.7339806e+25	micParanal_HAWKI.Y	57990.98	8.42
10201.01	1.1529469e+26	micParanal_HAWKI.Y	57989.98	7.43
10201.01	1.6872134e+26	micParanal_HAWKI.Y	57988.98	6.44
10201.01	2.8272781e+26	micParanal_HAWKI.Y	57987.98	5.45
10201.01	4.1517570e+26	micParanal_HAWKI.Y	57986.98	4.41
10201.01	4.9842181e+26	micParanal_HAWKI.Y	57985.98	3.47
10201.01	6.8813717e+26	micParanal_HAWKI.Y	57984.98	2.43
10201.01	8.0880238e+26	micParanal_HAWKI.Y	57983.97	1.49
10201.01	9.3431286e+26	micParanal_HAWKI.Y	57983.03	0.50
10201.01	9.5774036e+26	micParanal_HAWKI.Y	57983.17	0.64
10201.01	1.0011515e+27	micParanal_HAWKI.Y	57983.53	0.99
11623.86	2.6789082e+25	hst_wfc3_ir.f110w	57993.97	11.39
11623.86	5.4881344e+25	hst_wfc3_ir.f110w	57992.97	10.40
11623.86	7.1535959e+25	hst_wfc3_ir.f110w	57991.97	9.41
11623.86	1.0161894e+26	hst_wfc3_ir.f110w	57990.98	8.42
11623.86	1.4444637e+26	hst_wfc3_ir.f110w	57989.98	7.43
11623.86	2.0061009e+26	hst_wfc3_ir.f110w	57988.98	6.44
11623.86	3.2478225e+26	hst_wfc3_ir.f110w	57987.98	5.45
11623.86	4.4335103e+26	hst_wfc3_ir.f110w	57986.98	4.41
11623.86	5.2455807e+26	hst_wfc3_ir.f110w	57985.98	3.47
11623.86	7.3918119e+26	hst_wfc3_ir.f110w	57984.98	2.43
11623.86	8.3009689e+26	hst_wfc3_ir.f110w	57983.97	1.49
11623.86	9.7937828e+26	hst_wfc3_ir.f110w	57983.03	0.50
11623.86	9.9015854e+26	hst_wfc3_ir.f110w	57983.17	0.64
11623.86	1.0055067e+27	hst_wfc3_ir.f110w	57983.53	0.99
12492.60	2.6203624e+25	hst_wfc3_ir.f125w	57993.97	11.39
12492.60	5.9609396e+25	hst_wfc3_ir.f125w	57992.97	10.40
12492.60	7.9530012e+25	hst_wfc3_ir.f125w	57991.97	9.41
12492.60	1.1071909e+26	hst_wfc3_ir.f125w	57990.98	8.42
12492.60	1.5876337e+26	hst_wfc3_ir.f125w	57989.98	7.43
12492.60	2.1980155e+26	hst_wfc3_ir.f125w	57988.98	6.44
12492.60	3.5495715e+26	hst_wfc3_ir.f125w	57987.98	5.45
12492.60	4.6842281e+26	hst_wfc3_ir.f125w	57986.98	4.41
12492.60	5.5501370e+26	hst_wfc3_ir.f125w	57985.98	3.47
12492.60	7.8005137e+26	hst_wfc3_ir.f125w	57984.98	2.43
12492.60	7.8882102e+26	hst_wfc3_ir.f125w	57983.97	1.49
12492.60	9.4896253e+26	hst_wfc3_ir.f125w	57983.03	0.50
12492.60	9.5771485e+26	hst_wfc3_ir.f125w	57983.17	0.64
12492.60	9.6970415e+26	hst_wfc3_ir.f125w	57983.53	0.99
12583.66	2.9724353e+25	micParanal_HAWKI.J	57993.97	11.39
12583.66	5.7845463e+25	micParanal_HAWKI.J	57992.97	10.40
12583.66	7.0843076e+25	micParanal_HAWKI.J	57991.97	9.41
12583.66	1.0479261e+26	micParanal_HAWKI.J	57990.98	8.42
12583.66	1.4659264e+26	micParanal_HAWKI.J	57989.98	7.43
12583.66	1.8805681e+26	micParanal_HAWKI.J	57988.98	6.44
12583.66	3.0921450e+26	micParanal_HAWKI.J	57987.98	5.45
12583.66	4.1813338e+26	micParanal_HAWKI.J	57986.98	4.41
12583.66	5.1475915e+26	micParanal_HAWKI.J	57985.98	3.47
12583.66	6.9129558e+26	micParanal_HAWKI.J	57984.98	2.43
12583.66	7.4141360e+26	micParanal_HAWKI.J	57983.97	1.49
12583.66	9.3202041e+26	micParanal_HAWKI.J	57983.03	0.50
12583.66	9.3665873e+26	micParanal_HAWKI.J	57983.17	0.64
12583.66	9.3974210e+26	micParanal_HAWKI.J	57983.53	0.99
15434.62	4.1997170e+25	hst_wfc3_ir.f160w	57993.97	11.39
15434.62	8.8024205e+25	hst_wfc3_ir.f160w	57992.97	10.40
15434.62	1.1657760e+26	hst_wfc3_ir.f160w	57991.97	9.41
15434.62	1.6570401e+26	hst_wfc3_ir.f160w	57990.98	8.42
15434.62	2.3369338e+26	hst_wfc3_ir.f160w	57989.98	7.43
15434.62	2.9949468e+26	hst_wfc3_ir.f160w	57988.98	6.44
15434.62	4.5143862e+26	hst_wfc3_ir.f160w	57987.98	5.45
15434.62	5.5760382e+26	hst_wfc3_ir.f160w	57986.98	4.41
15434.62	6.5107563e+26	hst_wfc3_ir.f160w	57985.98	3.47
15434.62	7.0768881e+26	hst_wfc3_ir.f160w	57983.97	1.49
15434.62	8.1404576e+26	hst_wfc3_ir.f160w	57984.98	2.43
15434.62	8.7869618e+26	hst_wfc3_ir.f160w	57983.03	0.50
15434.62	8.8732606e+26	hst_wfc3_ir.f160w	57983.17	0.64
15434.62	9.0154830e+26	hst_wfc3_ir.f160w	57983.53	0.99
16205.70	4.7606902e+25	micParanal_HAWKI.H	57993.97	11.39
16205.70	9.1831561e+25	micParanal_HAWKI.H	57992.97	10.40
16205.70	1.2384536e+26	micParanal_HAWKI.H	57991.97	9.41
16205.70	1.7562901e+26	micParanal_HAWKI.H	57990.98	8.42
16205.70	2.4005072e+26	micParanal_HAWKI.H	57989.98	7.43
16205.70	2.9718613e+26	micParanal_HAWKI.H	57988.98	6.44
16205.70	4.5011738e+26	micParanal_HAWKI.H	57987.98	5.45
16205.70	5.4710143e+26	micParanal_HAWKI.H	57986.98	4.41
16205.70	6.3808695e+26	micParanal_HAWKI.H	57985.98	3.47
16205.70	6.7742582e+26	micParanal_HAWKI.H	57983.97	1.49
16205.70	7.7691146e+26	micParanal_HAWKI.H	57984.98	2.43
16205.70	8.4522155e+26	micParanal_HAWKI.H	57983.03	0.50
16205.70	8.5637699e+26	micParanal_HAWKI.H	57983.17	0.64
16205.70	8.7630766e+26	micParanal_HAWKI.H	57983.53	0.99
21484.18	1.1089024e+26	micParanal_HAWKI.Ks	57993.97	11.39
21484.18	2.0213152e+26	micParanal_HAWKI.Ks	57992.97	10.40
21484.18	2.5743367e+26	micParanal_HAWKI.Ks	57991.97	9.41
21484.18	3.2348284e+26	micParanal_HAWKI.Ks	57990.98	8.42
21484.18	3.9451535e+26	micParanal_HAWKI.Ks	57989.98	7.43
21484.18	4.1593766e+26	micParanal_HAWKI.Ks	57988.98	6.44
21484.18	5.2712347e+26	micParanal_HAWKI.Ks	57983.03	0.50
21484.18	5.5313423e+26	micParanal_HAWKI.Ks	57983.97	1.49
21484.18	5.5992528e+26	micParanal_HAWKI.Ks	57983.17	0.64
21484.18	5.8743202e+26	micParanal_HAWKI.Ks	57986.98	4.41
21484.18	6.0068477e+26	micParanal_HAWKI.Ks	57987.98	5.45
21484.18	6.1414516e+26	micParanal_HAWKI.Ks	57983.53	0.99
21484.18	6.6070842e+26	micParanal_HAWKI.Ks	57985.98	3.47
21484.18	6.8149631e+26	micParanal_HAWKI.Ks	57984.98	2.43
22085.74	1.2306863e+26	micUKIRT_UKIDSS.K	57993.97	11.39
22085.74	2.0012873e+26	micUKIRT_UKIDSS.K	57992.97	10.40
22085.74	2.4783319e+26	micUKIRT_UKIDSS.K	57991.97	9.41
22085.74	3.1263530e+26	micUKIRT_UKIDSS.K	57990.98	8.42
22085.74	3.7644422e+26	micUKIRT_UKIDSS.K	57989.98	7.43
22085.74	3.7656498e+26	micUKIRT_UKIDSS.K	57988.98	6.44
22085.74	5.0179376e+26	micUKIRT_UKIDSS.K	57983.03	0.50
22085.74	5.3081134e+26	micUKIRT_UKIDSS.K	57986.98	4.41
22085.74	5.3163018e+26	micUKIRT_UKIDSS.K	57983.97	1.49
22085.74	5.3683764e+26	micUKIRT_UKIDSS.K	57983.17	0.64
22085.74	5.6745127e+26	micUKIRT_UKIDSS.K	57987.98	5.45
22085.74	5.9078460e+26	micUKIRT_UKIDSS.K	57983.53	0.99
22085.74	6.3202047e+26	micUKIRT_UKIDSS.K	57985.98	3.47
22085.74	6.3273631e+26	micUKIRT_UKIDSS.K	57984.98	2.43
