2405.16	6.9049509e+26	micSwift_UVOT.UVU	57983.03	0.50
2405.16	7.2016268e+25	micSwift_UVOT.UVU	57983.53	0.99
2405.16	1.2325069e+25	micSwift_UVOT.UVU	57983.97	1.49
2405.16	7.5349289e+23	micSwift_UVOT.UVU	57984.98	2.43
2405.16	1.7188851e+23	micSwift_UVOT.UVU	57985.98	3.47
2405.16	3.3072948e+23	micSwift_UVOT.UVU	57986.98	4.41
2405.16	2.6996996e+23	micSwift_UVOT.UVU	57987.98	5.45
2405.16	1.2120341e+23	micSwift_UVOT.UVU	57988.98	6.44
2405.16	1.4711857e+22	micSwift_UVOT.UVU	57989.98	7.43
2405.16	8.3256852e+22	micSwift_UVOT.UVU	57990.98	8.42
2405.16	9.0168752e+22	micSwift_UVOT.UVU	57991.97	9.41
2405.16	1.1325980e+23	micSwift_UVOT.UVU	57992.97	10.40
2405.16	1.2971703e+23	micSwift_UVOT.UVU	57993.97	11.39
