#lambda[A]  L[erg/s/Hz]         filter	     MJD
-99.00	-9.9000000e+01	micGeneric_Bessell.B	57983.97
6580.61	5.2850007e+26	micSLOAN_SDSS.z	57983.97
-99.00	-9.9000000e+01	micSLOAN_SDSS.g	57983.97
16287.42	6.3990815e+26	micUKIRT_UKIDSS.K	57983.97
9279.99	6.9969157e+26	micParanal_HAWKI.J	57983.97
5530.35	3.8224595e+26	micSLOAN_SDSS.i	57983.97
11382.46	7.2281930e+26	hst_wfc3_ir_f160w	57983.97
4064.13	1.4137525e+26	micGeneric_Bessell.V	57983.97
4560.80	2.2451507e+26	micSLOAN_SDSS.r	57983.97
-99.00	-9.9000000e+01	micGeneric_Bessell.B	57985.98
6580.61	1.2226203e+26	micSLOAN_SDSS.z	57985.98
-99.00	-9.9000000e+01	micSLOAN_SDSS.g	57985.98
16287.42	6.0469817e+26	micUKIRT_UKIDSS.K	57985.98
9279.99	2.7558249e+26	micParanal_HAWKI.J	57985.98
5530.35	5.1554191e+25	micSLOAN_SDSS.i	57985.98
11382.46	5.2131595e+26	hst_wfc3_ir_f160w	57985.98
4064.13	8.9909313e+24	micGeneric_Bessell.V	57985.98
4560.80	1.9242774e+25	micSLOAN_SDSS.r	57985.98
-99.00	-9.9000000e+01	micGeneric_Bessell.B	57987.98
6580.61	4.7309999e+25	micSLOAN_SDSS.z	57987.98
-99.00	-9.9000000e+01	micSLOAN_SDSS.g	57987.98
16287.42	4.3042570e+26	micUKIRT_UKIDSS.K	57987.98
9279.99	1.6483602e+26	micParanal_HAWKI.J	57987.98
5530.35	2.0357827e+25	micSLOAN_SDSS.i	57987.98
11382.46	3.3262393e+26	hst_wfc3_ir_f160w	57987.98
4064.13	4.7496915e+24	micGeneric_Bessell.V	57987.98
4560.80	9.1841773e+24	micSLOAN_SDSS.r	57987.98
-99.00	-9.9000000e+01	micGeneric_Bessell.B	57988.98
6580.61	2.9653909e+25	micSLOAN_SDSS.z	57988.98
-99.00	-9.9000000e+01	micSLOAN_SDSS.g	57988.98
16287.42	2.8532555e+26	micUKIRT_UKIDSS.K	57988.98
9279.99	1.1440868e+26	micParanal_HAWKI.J	57988.98
5530.35	1.3358252e+25	micSLOAN_SDSS.i	57988.98
11382.46	1.9627705e+26	hst_wfc3_ir_f160w	57988.98
4064.13	3.8258807e+24	micGeneric_Bessell.V	57988.98
4560.80	6.3188195e+24	micSLOAN_SDSS.r	57988.98
-99.00	-9.9000000e+01	micGeneric_Bessell.B	57989.98
6580.61	2.4796990e+25	micSLOAN_SDSS.z	57989.98
-99.00	-9.9000000e+01	micSLOAN_SDSS.g	57989.98
16287.42	2.3131195e+26	micUKIRT_UKIDSS.K	57989.98
9279.99	8.5550734e+25	micParanal_HAWKI.J	57989.98
5530.35	1.2499753e+25	micSLOAN_SDSS.i	57989.98
11382.46	1.4387370e+26	hst_wfc3_ir_f160w	57989.98
4064.13	3.8296195e+24	micGeneric_Bessell.V	57989.98
4560.80	6.0620384e+24	micSLOAN_SDSS.r	57989.98
-99.00	-9.9000000e+01	micGeneric_Bessell.B	57990.98
6580.61	2.1230854e+25	micSLOAN_SDSS.z	57990.98
-99.00	-9.9000000e+01	micSLOAN_SDSS.g	57990.98
16287.42	1.6914426e+26	micUKIRT_UKIDSS.K	57990.98
9279.99	6.0441694e+25	micParanal_HAWKI.J	57990.98
5530.35	1.2661369e+25	micSLOAN_SDSS.i	57990.98
11382.46	9.5206859e+25	hst_wfc3_ir_f160w	57990.98
4064.13	3.7358246e+24	micGeneric_Bessell.V	57990.98
4560.80	6.7908928e+24	micSLOAN_SDSS.r	57990.98
-99.00	-9.9000000e+01	micGeneric_Bessell.B	57991.97
6580.61	1.7414683e+25	micSLOAN_SDSS.z	57991.97
-99.00	-9.9000000e+01	micSLOAN_SDSS.g	57991.97
16287.42	1.1868403e+26	micUKIRT_UKIDSS.K	57991.97
9279.99	4.4380582e+25	micParanal_HAWKI.J	57991.97
5530.35	9.9321233e+24	micSLOAN_SDSS.i	57991.97
11382.46	6.2881854e+25	hst_wfc3_ir_f160w	57991.97
4064.13	3.7390721e+24	micGeneric_Bessell.V	57991.97
4560.80	6.1537096e+24	micSLOAN_SDSS.r	57991.97
-99.00	-9.9000000e+01	micGeneric_Bessell.B	57992.97
6580.61	1.6249069e+25	micSLOAN_SDSS.z	57992.97
-99.00	-9.9000000e+01	micSLOAN_SDSS.g	57992.97
16287.42	8.9180632e+25	micUKIRT_UKIDSS.K	57992.97
9279.99	3.7091645e+25	micParanal_HAWKI.J	57992.97
5530.35	1.0167789e+25	micSLOAN_SDSS.i	57992.97
11382.46	4.7398650e+25	hst_wfc3_ir_f160w	57992.97
4064.13	4.2203388e+24	micGeneric_Bessell.V	57992.97
4560.80	5.6617697e+24	micSLOAN_SDSS.r	57992.97
-99.00	-9.9000000e+01	micGeneric_Bessell.B	57993.97
6580.61	7.7690740e+24	micSLOAN_SDSS.z	57993.97
-99.00	-9.9000000e+01	micSLOAN_SDSS.g	57993.97
16287.42	4.5605210e+25	micUKIRT_UKIDSS.K	57993.97
9279.99	1.8521995e+25	micParanal_HAWKI.J	57993.97
5530.35	5.8339550e+24	micSLOAN_SDSS.i	57993.97
11382.46	2.2080710e+25	hst_wfc3_ir_f160w	57993.97
4064.13	3.1011437e+24	micGeneric_Bessell.V	57993.97
4560.80	4.0673670e+24	micSLOAN_SDSS.r	57993.97
-99.00	-9.9000000e+01	micGeneric_Bessell.B	57994.97
6580.61	1.7285339e+25	micSLOAN_SDSS.z	57994.97
-99.00	-9.9000000e+01	micSLOAN_SDSS.g	57994.97
16287.42	7.0822637e+25	micUKIRT_UKIDSS.K	57994.97
9279.99	3.2646118e+25	micParanal_HAWKI.J	57994.97
5530.35	9.7396849e+24	micSLOAN_SDSS.i	57994.97
11382.46	4.1842118e+25	hst_wfc3_ir_f160w	57994.97
4064.13	3.2583869e+24	micGeneric_Bessell.V	57994.97
4560.80	5.4899473e+24	micSLOAN_SDSS.r	57994.97
-99.00	-9.9000000e+01	micGeneric_Bessell.B	57995.97
6580.61	1.3110326e+25	micSLOAN_SDSS.z	57995.97
-99.00	-9.9000000e+01	micSLOAN_SDSS.g	57995.97
16287.42	4.9013475e+25	micUKIRT_UKIDSS.K	57995.97
9279.99	2.2424813e+25	micParanal_HAWKI.J	57995.97
5530.35	9.8378508e+24	micSLOAN_SDSS.i	57995.97
11382.46	3.0748932e+25	hst_wfc3_ir_f160w	57995.97
4064.13	1.3531114e+24	micGeneric_Bessell.V	57995.97
4560.80	3.5466748e+24	micSLOAN_SDSS.r	57995.97
-99.00	-9.9000000e+01	micGeneric_Bessell.B	57996.97
6580.61	1.1486129e+25	micSLOAN_SDSS.z	57996.97
-99.00	-9.9000000e+01	micSLOAN_SDSS.g	57996.97
16287.42	3.9472444e+25	micUKIRT_UKIDSS.K	57996.97
9279.99	1.8915265e+25	micParanal_HAWKI.J	57996.97
5530.35	8.3943049e+24	micSLOAN_SDSS.i	57996.97
11382.46	2.4312955e+25	hst_wfc3_ir_f160w	57996.97
4064.13	1.4492592e+24	micGeneric_Bessell.V	57996.97
4560.80	2.9906455e+24	micSLOAN_SDSS.r	57996.97
-99.00	-9.9000000e+01	micGeneric_Bessell.B	57997.97
6580.61	1.0106850e+25	micSLOAN_SDSS.z	57997.97
-99.00	-9.9000000e+01	micSLOAN_SDSS.g	57997.97
16287.42	3.9431860e+25	micUKIRT_UKIDSS.K	57997.97
9279.99	1.8755844e+25	micParanal_HAWKI.J	57997.97
5530.35	8.0791530e+24	micSLOAN_SDSS.i	57997.97
11382.46	2.4535480e+25	hst_wfc3_ir_f160w	57997.97
4064.13	2.3542584e+24	micGeneric_Bessell.V	57997.97
4560.80	3.0153408e+24	micSLOAN_SDSS.r	57997.97
-99.00	-9.9000000e+01	micGeneric_Bessell.B	57998.97
6580.61	2.0178367e+25	micSLOAN_SDSS.z	57998.97
-99.00	-9.9000000e+01	micSLOAN_SDSS.g	57998.97
16287.42	5.8676382e+25	micUKIRT_UKIDSS.K	57998.97
9279.99	3.2650626e+25	micParanal_HAWKI.J	57998.97
5530.35	1.6782460e+25	micSLOAN_SDSS.i	57998.97
11382.46	4.2546246e+25	hst_wfc3_ir_f160w	57998.97
4064.13	5.3428181e+24	micGeneric_Bessell.V	57998.97
4560.80	4.5780393e+24	micSLOAN_SDSS.r	57998.97
