0.193864	0.
0.193964	0.
0.194064	9.519857E-8
0.195064	4.279493E-8
0.196064	1.035000E-7
0.197064	7.193123E-8
0.198065	7.787618E-8
0.199065	4.272332E-8
0.200065	5.903587E-8
0.201065	5.620160E-8
0.202065	5.478067E-8
0.203065	5.809177E-8
0.204066	3.254519E-8
0.205066	7.174580E-8
0.206066	4.187851E-8
0.207066	4.996870E-8
0.208066	6.109729E-8
0.209066	4.577588E-8
0.210067	6.995158E-8
0.211067	2.711801E-8
0.212067	4.524635E-8
0.213067	2.439295E-8
0.214068	6.740294E-8
0.215068	3.768869E-8
0.216068	6.202789E-8
0.217068	2.965707E-8
0.218068	5.332017E-8
0.219068	1.701529E-8
0.220069	3.038322E-8
0.221069	4.362337E-8
0.222069	3.910951E-8
0.223069	3.404489E-8
0.22407	3.218770E-8
0.22507	2.015608E-8
0.22607	2.505718E-8
0.22707	2.724728E-10
0.22807	5.157934E-8
0.229071	1.153438E-10
0.230071	2.281841E-8
0.231071	3.453257E-8
0.232071	1.153438E-10
0.233072	4.065764E-8
0.234072	3.003289E-8
0.235072	1.126250E-8
0.236072	2.871954E-8
0.237072	2.400168E-8
0.238073	1.060007E-8
0.239073	1.795006E-8
0.240073	8.505710E-9
0.241073	1.205977E-8
0.242074	1.153438E-10
0.243074	2.782883E-8
0.244074	3.916924E-8
0.245074	4.291659E-8
0.246074	1.478690E-8
0.247075	3.456970E-8
0.248075	3.453453E-8
0.249075	1.898272E-8
0.250075	5.409095E-8
0.251076	2.987294E-8
0.252076	3.762918E-8
0.253076	2.218451E-8
0.254076	2.587166E-8
0.255076	4.216715E-8
0.256077	2.877720E-8
0.257077	4.491147E-8
0.258077	4.065384E-8
0.259078	4.387061E-8
0.260078	6.485040E-8
0.261078	1.021957E-7
0.262078	2.938538E-8
0.263078	7.001938E-8
0.264079	4.336541E-8
0.265079	4.862607E-8
0.266079	6.647799E-8
0.267079	2.034024E-8
0.26808	7.014923E-8
0.26908	4.151849E-8
0.27008	4.800474E-8
0.27108	5.802903E-8
0.272081	5.662262E-8
0.273081	6.657901E-8
0.274081	2.041692E-8
0.275081	5.037163E-8
0.276082	7.531314E-8
0.277082	8.008277E-8
0.278082	7.979702E-8
0.279082	3.609534E-8
0.280082	6.461354E-8
0.281083	8.697483E-8
0.282083	7.845911E-8
0.283083	8.555907E-8
0.284083	8.746193E-8
0.285084	3.352250E-8
0.286084	5.362461E-8
0.287084	3.830125E-8
0.288084	9.020486E-8
0.289085	6.634330E-8
0.290085	4.649005E-8
0.291085	5.023071E-8
0.292085	5.315850E-8
0.293086	4.754681E-8
0.294086	6.269305E-8
0.295086	1.958848E-8
0.296086	6.063821E-8
0.297087	4.365059E-8
0.298087	7.896420E-8
0.299087	7.000520E-8
0.300088	7.659074E-8
0.301088	3.836906E-8
0.302088	9.020267E-8
0.303088	7.367494E-8
0.304089	5.985358E-8
0.305089	6.000973E-8
0.306089	6.878202E-8
0.307089	1.195137E-7
0.30809	1.168625E-7
0.30909	1.213876E-7
0.31009	9.919696E-8
0.31109	1.127064E-7
0.31209	9.407157E-8
0.313091	6.723862E-8
0.314091	7.976507E-8
0.315091	8.187388E-8
0.316091	1.295359E-7
0.317092	9.391854E-8
0.318092	8.243605E-8
0.319092	1.224785E-7
0.320093	9.282637E-8
0.321093	1.013524E-7
0.322093	1.170655E-7
0.323093	1.597686E-7
0.324093	1.460309E-7
0.325094	1.730336E-7
0.326094	1.330185E-7
0.327094	1.673911E-7
0.328095	1.048167E-7
0.329095	1.287840E-7
0.330095	1.415923E-7
0.331095	1.931553E-7
0.332095	1.755002E-7
0.333096	2.106466E-7
0.334096	1.643617E-7
0.335096	1.674441E-7
0.336097	1.974370E-7
0.337097	2.337331E-7
0.338097	2.285485E-7
0.339097	1.944076E-7
0.340098	1.853564E-7
0.341098	1.841110E-7
0.342098	2.470327E-7
0.343098	2.244086E-7
0.344099	2.050330E-7
0.345099	2.559640E-7
0.346099	2.104586E-7
0.347099	3.236206E-7
0.3481	2.901591E-7
0.3491	2.892469E-7
0.3501	3.575009E-7
0.3511	3.185121E-7
0.352101	3.368706E-7
0.353101	3.665440E-7
0.354101	3.456013E-7
0.355101	3.646736E-7
0.356102	3.541325E-7
0.357102	3.615139E-7
0.358102	3.710460E-7
0.359102	4.608389E-7
0.360103	3.060463E-7
0.361103	3.660666E-7
0.362103	3.094078E-7
0.363103	3.847849E-7
0.364104	3.753647E-7
0.365104	4.212102E-7
0.366104	4.078634E-7
0.367105	3.331770E-7
0.368105	4.175224E-7
0.369105	4.524623E-7
0.370105	4.212655E-7
0.371106	2.939357E-7
0.372106	2.879795E-7
0.373106	3.513832E-7
0.374106	3.050246E-7
0.375107	3.790018E-7
0.376107	3.047916E-7
0.377107	2.567920E-7
0.378107	4.163357E-7
0.379108	4.108743E-7
0.380108	3.083549E-7
0.381108	3.322798E-7
0.382108	4.091745E-7
0.383109	3.531626E-7
0.384109	2.788210E-7
0.385109	4.107105E-7
0.386109	3.202511E-7
0.38711	3.443051E-7
0.38811	4.319393E-7
0.38911	3.333765E-7
0.390111	3.023850E-7
0.391111	3.697487E-7
0.392111	4.314308E-7
0.393111	3.548612E-7
0.394112	3.154516E-7
0.395112	4.327673E-7
0.396112	4.190872E-7
0.397112	4.217026E-7
0.398113	3.369063E-7
0.399113	3.210295E-7
0.400113	5.161775E-7
0.401113	5.139449E-7
0.402114	4.632456E-7
0.403114	4.953038E-7
0.404114	5.428365E-7
0.405114	5.075598E-7
0.406115	4.558619E-7
0.407115	5.209862E-7
0.408115	5.302622E-7
0.409116	4.813539E-7
0.410116	4.913830E-7
0.411116	5.230019E-7
0.412116	5.382792E-7
0.413116	4.969921E-7
0.414117	4.907338E-7
0.415117	4.883133E-7
0.416117	4.930667E-7
0.417118	4.772394E-7
0.418118	5.449422E-7
0.419118	4.758717E-7
0.420118	4.961491E-7
0.421119	4.804130E-7
0.422119	5.237584E-7
0.423119	4.997827E-7
0.424119	5.336469E-7
0.42512	4.952693E-7
0.42612	5.161186E-7
0.42712	5.008737E-7
0.428121	4.776338E-7
0.429121	4.789646E-7
0.430121	5.027753E-7
0.431121	5.359716E-7
0.432121	4.903498E-7
0.433122	4.780547E-7
0.434122	5.061933E-7
0.435122	5.268973E-7
0.436123	5.657442E-7
0.437123	5.070062E-7
0.438123	5.081409E-7
0.439123	4.752928E-7
0.440124	4.757126E-7
0.441124	4.599972E-7
0.442124	4.937102E-7
0.443124	5.563263E-7
0.444125	4.837410E-7
0.445125	5.302519E-7
0.446125	4.300861E-7
0.447125	5.002879E-7
0.448126	5.287124E-7
0.449126	5.225326E-7
0.450126	5.247374E-7
0.451127	5.216285E-7
0.452127	4.895968E-7
0.453127	5.031869E-7
0.454127	4.874657E-7
0.455127	5.343018E-7
0.456128	4.781296E-7
0.457128	4.906900E-7
0.458128	5.067329E-7
0.459129	5.100887E-7
0.460129	5.090578E-7
0.461129	5.360501E-7
0.462129	5.670254E-7
0.46313	5.047460E-7
0.46413	5.456467E-7
0.46513	5.489022E-7
0.466131	5.769877E-7
0.467131	5.330034E-7
0.468131	5.576582E-7
0.469131	5.974161E-7
0.470131	5.631231E-7
0.471132	5.698276E-7
0.472132	5.914773E-7
0.473132	5.375077E-7
0.474133	5.902538E-7
0.475133	5.276607E-7
0.476133	5.698645E-7
0.477133	5.784568E-7
0.478134	6.140622E-7
0.479134	5.864183E-7
0.480134	5.679791E-7
0.481134	5.330691E-7
0.482135	5.620149E-7
0.483135	5.846655E-7
0.484135	5.517667E-7
0.485135	5.684922E-7
0.486136	6.097032E-7
0.487136	5.639119E-7
0.488136	6.130313E-7
0.489137	5.454288E-7
0.490137	5.482137E-7
0.491137	5.761701E-7
0.492137	6.242228E-7
0.493138	5.726471E-7
0.494138	6.211611E-7
0.495138	5.845744E-7
0.496138	5.794589E-7
0.497139	5.739848E-7
0.498139	6.111585E-7
0.499139	6.139942E-7
0.50014	6.173798E-7
0.50114	5.807713E-7
0.50214	5.873385E-7
0.50314	5.527734E-7
0.50414	6.293417E-7
0.505141	6.454734E-7
0.506141	5.978532E-7
0.507141	6.403764E-7
0.508142	6.255155E-7
0.509142	6.182921E-7
0.510142	5.639730E-7
0.511142	6.094057E-7
0.512143	5.869615E-7
0.513143	6.368766E-7
0.514143	6.150955E-7
0.515144	6.262512E-7
0.516144	6.436641E-7
0.517144	6.485375E-7
0.518144	6.429988E-7
0.519145	6.320817E-7
0.520145	6.234513E-7
0.521145	6.509868E-7
0.522145	6.522760E-7
0.523146	6.370703E-7
0.524146	5.770638E-7
0.525146	6.334666E-7
0.526146	6.148740E-7
0.527147	6.120280E-7
0.528147	5.814770E-7
0.529147	6.445024E-7
0.530147	6.270953E-7
0.531148	5.801820E-7
0.532148	5.813248E-7
0.533148	6.136470E-7
0.534148	6.601488E-7
0.535149	6.320540E-7
0.536149	6.082802E-7
0.537149	6.218888E-7
0.53815	6.348885E-7
0.53915	6.225807E-7
0.54015	5.919086E-7
0.54115	6.423461E-7
0.542151	6.006981E-7
0.543151	5.947662E-7
0.544151	6.263666E-7
0.545152	6.832710E-7
0.546152	6.500020E-7
0.547152	6.586980E-7
0.548152	6.221621E-7
0.549152	6.282820E-7
0.550153	6.616617E-7
0.551153	7.146880E-7
0.552153	6.438210E-7
0.553154	6.249643E-7
0.554154	7.080377E-7
0.555154	6.534200E-7
0.556154	6.329788E-7
0.557155	6.606111E-7
0.558155	6.736951E-7
0.559155	7.219092E-7
0.560156	7.057510E-7
0.561156	6.670770E-7
0.562156	6.640118E-7
0.563156	7.278780E-7
0.564156	6.885375E-7
0.565157	7.237347E-7
0.566157	6.420105E-7
0.567157	7.119285E-7
0.568158	6.985643E-7
0.569158	6.802139E-7
0.570158	7.115110E-7
0.571158	7.233080E-7
0.572159	6.989081E-7
0.573159	7.214537E-7
0.574159	7.466021E-7
0.57516	7.189871E-7
0.57616	6.856685E-7
0.57716	6.969303E-7
0.57816	7.121142E-7
0.57916	7.027019E-7
0.580161	7.024195E-7
0.581161	6.849996E-7
0.582161	7.023041E-7
0.583162	7.340025E-7
0.584162	6.934881E-7
0.585162	6.967089E-7
0.586163	7.066885E-7
0.587163	6.753245E-7
0.588163	7.056172E-7
0.589163	6.748563E-7
0.590164	7.054050E-7
0.591164	7.155356E-7
0.592164	6.843734E-7
0.593164	6.917883E-7
0.594165	6.889169E-7
0.595165	6.661913E-7
0.596165	6.730597E-7
0.597165	7.169322E-7
0.598166	6.708329E-7
0.599166	6.862116E-7
0.600166	6.312663E-7
0.601167	6.565151E-7
0.602167	6.729974E-7
0.603167	6.935077E-7
0.604167	6.516049E-7
0.605167	6.466612E-7
0.606168	6.291710E-7
0.607168	5.879705E-7
0.608168	5.921900E-7
0.609169	6.449003E-7
0.610169	6.076575E-7
0.611169	6.113810E-7
0.612169	6.277435E-7
0.61317	5.867493E-7
0.61417	5.420466E-7
0.61517	6.083355E-7
0.61617	5.495479E-7
0.617171	5.465855E-7
0.618171	5.439654E-7
0.619171	4.925501E-7
0.620171	5.027199E-7
0.621172	4.703227E-7
0.622172	4.736842E-7
0.623172	4.936975E-7
0.624173	4.770365E-7
0.625173	4.864959E-7
0.626173	4.505999E-7
0.627173	4.460761E-7
0.628174	4.011853E-7
0.629174	4.434399E-7
0.630174	4.288557E-7
0.631174	3.877797E-7
0.632175	3.904285E-7
0.633175	3.681296E-7
0.634175	3.830194E-7
0.635176	3.479987E-7
0.636176	3.851009E-7
0.637176	3.399946E-7
0.638176	3.174592E-7
0.639177	3.137668E-7
0.640177	3.136215E-7
0.641177	3.294695E-7
0.642177	3.210168E-7
0.643178	2.812150E-7
0.644178	3.469793E-7
0.645178	2.718755E-7
0.646178	2.915152E-7
0.647179	3.331862E-7
0.648179	3.006564E-7
0.649179	3.009712E-7
0.65018	2.957496E-7
0.65118	3.447375E-7
0.65218	4.173448E-7
0.65318	5.447795E-7
0.654181	6.178988E-7
0.655181	9.487971E-7
0.656181	1.275179E-6
0.657181	1.744301E-6
0.658182	2.524445E-6
0.659182	3.602304E-6
0.660182	5.062901E-6
0.661183	7.174649E-6
0.662183	9.956494E-6
0.663183	1.375078E-5
0.664183	1.834663E-5
0.665184	2.497172E-5
0.666184	3.318924E-5
0.667184	4.454856E-5
0.670185	7.034354E-5
0.671185	9.917285E-5
0.672185	1.476061E-4
0.673186	1.856608E-4
0.674186	2.329409E-4
0.675186	3.067440E-4
0.676187	3.909256E-4
0.677187	5.235404E-4
0.678187	6.988227E-4
0.679187	9.248446E-4
0.680188	0.00121775
0.681188	0.00162482
0.682188	0.002135676
0.683188	0.00287486
0.684189	0.00385621
0.685189	0.005201962
0.686189	0.006987074
0.68719	0.009462935
0.68819	0.01304123
0.68919	0.01799411
0.69019	0.02464445
0.691191	0.03407741
0.692191	0.04767908
0.693191	0.06631204
0.694191	0.09177987
0.695192	0.1269747
0.696192	0.1743989
0.697192	0.234688
0.698192	0.3080609
0.699193	0.3931235
0.700193	0.4871521
0.701193	0.5799236
0.702194	0.6638331
0.703194	0.7352629
0.704194	0.7936954
0.705194	0.835273
0.706195	0.8644449
0.707195	0.8851316
0.708195	0.8991334
0.709195	0.9104472
0.710196	0.9189345
0.711196	0.9267081
0.712196	0.9333446
0.713197	0.9395256
0.714197	0.9446583
0.715197	0.9493772
0.716197	0.9541421
0.717198	0.957567
0.718198	0.9605526
0.719198	0.9620817
0.720198	0.9617299
0.721199	0.9616377
0.722199	0.9594432
0.723199	0.956972
0.724199	0.9549608
0.7252	0.9519233
0.7262	0.9494717
0.7272	0.946854
0.728201	0.9453514
0.729201	0.9435064
0.730201	0.9428421
0.731201	0.943112
0.732202	0.9427961
0.733202	0.9445131
0.734202	0.9461932
0.735202	0.9489505
0.736203	0.9510043
0.737203	0.9529231
0.738203	0.9562178
0.739204	0.9588102
0.740204	0.9607394
0.741204	0.9625602
0.742204	0.9631091
0.743205	0.9639406
0.744205	0.9632821
0.745205	0.9636073
0.746206	0.9629258
0.747206	0.9611222
0.748206	0.9596369
0.749206	0.9585333
0.750206	0.9576119
0.751207	0.9558153
0.752207	0.9545353
0.753207	0.953984
0.754208	0.953163
0.755208	0.9526602
0.756208	0.9526452
0.757208	0.9524273
0.758209	0.9535009
0.759209	0.954601
0.760209	0.9551696
0.761209	0.9565164
0.76221	0.9570746
0.76321	0.9584699
0.76421	0.9598468
0.765211	0.9600198
0.766211	0.9605295
0.767211	0.9606252
0.768211	0.9614958
0.769212	0.9617023
0.770212	0.9625326
0.771212	0.9616435
0.772212	0.9622731
0.773213	0.9610139
0.774213	0.9611476
0.775213	0.9598929
0.776214	0.9595516
0.777214	0.9591514
0.778214	0.9590662
0.779214	0.9579198
0.780215	0.9585357
0.781215	0.9584723
0.782215	0.9579452
0.783215	0.9571195
0.784216	0.9579937
0.785216	0.9585645
0.786216	0.9586291
0.787216	0.9597741
0.788217	0.960059
0.789217	0.9609769
0.790217	0.9620805
0.791218	0.9625625
0.792218	0.9647547
0.793218	0.9658664
0.794218	0.9662585
0.795219	0.9678141
0.796219	0.9680874
0.797219	0.9702162
0.798219	0.9708031
0.79922	0.9703338
0.80022	0.9707327
0.80122	0.9724107
0.802221	0.9726262
0.803221	0.974393
0.804221	0.9752244
0.805221	0.9746789
0.806222	0.9747562
0.807222	0.9757433
0.808222	0.9769334
0.809223	0.9772713
0.810223	0.9770452
0.811223	0.9775215
0.812223	0.9774085
0.813223	0.9766093
0.814224	0.976772
0.815224	0.9748992
0.816224	0.9737944
0.817225	0.9726747
0.818225	0.9699129
0.819225	0.9678071
0.820225	0.9652298
0.821226	0.9623561
0.822226	0.9597292
0.823226	0.9574332
0.824226	0.9564611
0.825227	0.9548386
0.826227	0.9543785
0.827227	0.9543946
0.828228	0.9562743
0.829228	0.9575785
0.830228	0.9590592
0.831228	0.9623284
0.832229	0.9630215
0.833229	0.9635266
0.834229	0.9630019
0.835229	0.959954
0.83623	0.9552791
0.83723	0.9495017
0.83823	0.9439411
0.839231	0.9376183
0.840231	0.9324543
0.841231	0.9293869
0.842231	0.9277125
0.843232	0.9252263
0.844232	0.9167804
0.845232	0.887905
0.846232	0.8221084
0.847233	0.7155022
0.848233	0.5772449
0.849233	0.4308461
0.850233	0.2994847
0.851234	0.2000812
0.852234	0.1312414
0.853234	0.0863196
0.854235	0.0560984
0.855235	0.03733397
0.856235	0.0254436
0.857235	0.01747979
0.858236	0.01197455
0.859236	0.008443532
0.860236	0.006047238
0.861236	0.004358993
0.862237	0.00320582
0.863237	0.002405518
0.864237	0.001759742
0.865238	0.001330761
0.866238	0.001014792
0.867238	7.472560E-4
0.868238	5.512165E-4
0.869239	4.728008E-4
0.870239	3.551772E-4
0.871239	2.848337E-4
0.87224	2.433194E-4
0.87324	2.121838E-4
0.87424	1.695164E-4
0.87524	1.141641E-4
0.876241	1.130109E-4
0.877241	9.571334E-5
0.878241	9.110064E-5
0.882242	8.204409E-5
0.883242	6.416253E-5
0.884243	5.532946E-5
0.885243	4.484032E-5
0.886243	3.555001E-5
0.887244	2.629096E-5
0.888244	2.246842E-5
0.889244	1.810354E-5
0.890244	1.713303E-5
0.891245	1.278384E-5
0.892245	1.046636E-5
0.893245	1.168914E-5
0.894245	5.427465E-6
0.895246	7.163417E-6
0.896246	7.348501E-6
0.897246	5.483014E-6
0.898247	4.469052E-6
0.899247	3.475213E-6
0.900247	1.832461E-6
0.901247	2.256367E-6
0.902248	2.779550E-6
0.903248	2.977550E-6
0.904248	1.776670E-6
0.905248	1.560750E-6
0.906249	2.485872E-6
0.907249	1.153438E-10
0.908249	8.844316E-7
0.90925	1.313764E-7
0.91025	1.699811E-6
0.91125	1.280056E-6
0.91225	1.231600E-6
0.913251	4.498239E-7
0.914251	1.887617E-6
0.915251	1.050929E-6
0.916251	6.576832E-7
0.917252	1.664547E-6
0.918252	3.326892E-7
0.919252	4.603396E-8
0.920252	1.153438E-10
0.921253	5.821747E-7
0.922253	4.262461E-7
0.923253	3.424185E-7
0.924253	1.339053E-6
0.925254	1.293422E-6
0.926254	1.079311E-6
0.927254	5.852432E-7
0.928255	3.312869E-7
0.929255	1.153438E-10
0.930255	1.153438E-10
0.931256	9.530950E-7
0.932256	2.938203E-7
0.933256	2.728914E-7
0.934256	1.153438E-10
0.935257	2.772297E-7
0.936257	1.153438E-10
0.937257	7.161157E-7
0.938257	8.300249E-7
0.939258	1.153438E-10
0.940258	1.153438E-10
0.941258	1.153438E-10
0.942258	7.592109E-7
0.943259	6.770104E-8
0.944259	3.112263E-7
0.945259	1.153438E-10
0.946259	1.836843E-7
0.94726	1.153438E-10
0.94826	4.751176E-7
0.94926	3.285654E-7
0.950261	1.153438E-10
0.951261	1.233733E-7
0.952261	3.389832E-7
0.953261	4.423282E-8
0.954262	1.153438E-10
0.955262	1.153438E-10
0.956262	3.743257E-7
0.957263	3.469332E-7
0.958263	1.784396E-7
0.959263	2.646727E-7
0.960263	3.486087E-7
0.961264	1.501350E-8
0.962264	6.518828E-8
0.963264	8.099989E-8
0.964264	1.153438E-10
0.965265	3.156891E-7
0.966265	1.153438E-10
0.967265	1.153438E-10
0.968266	1.153438E-10
0.969266	1.153438E-10
0.970266	1.153438E-10
0.971266	5.712887E-7
0.972267	1.553197E-7
0.973267	1.153438E-10
0.974267	1.153438E-10
0.975267	1.578555E-7
0.976268	1.153438E-10
0.977268	1.153438E-10
0.978268	1.153438E-10
0.979268	2.703475E-7
0.980269	1.153438E-10
0.981269	4.854246E-7
0.982269	1.153438E-10
0.98327	1.153438E-10
0.98427	2.168357E-7
0.98527	1.153438E-10
0.98627	2.744228E-7
0.987271	1.153438E-10
0.988271	1.153438E-10
0.989271	1.153438E-10
0.990271	1.153438E-10
0.991272	6.186403E-7
0.992272	1.153438E-10
0.993272	1.153438E-10
0.994273	1.153438E-10
0.995273	1.153438E-10
0.996273	1.153438E-10
0.997273	1.162617E-7
0.998274	2.714627E-7
0.999274	1.153438E-10
1.00027	8.966011E-8
1.00127	1.153438E-10
1.00228	1.153438E-10
1.00327	1.153438E-10
1.00428	1.153438E-10
1.00527	7.567235E-7
1.00628	1.153438E-10
1.00728	1.153438E-10
1.00828	1.153438E-10
1.00928	1.153438E-10
1.01028	1.968846E-7
1.01128	1.153438E-10
1.01228	1.153438E-10
1.01328	5.107621E-8
1.01428	1.919018E-8
1.01528	1.153438E-10
1.01628	1.153438E-10
1.01728	1.153438E-10
1.01828	1.153438E-10
1.01928	3.286738E-7
1.02028	1.153438E-10
1.02128	1.153438E-10
1.02228	1.153438E-10
1.02328	1.153438E-10
1.02428	1.153438E-10
1.02528	1.153438E-10
1.02628	1.153438E-10
1.02728	1.153438E-10
1.02828	3.762676E-7
1.02928	1.136249E-7
1.03028	3.820807E-7
1.03128	1.153438E-10
1.03228	2.721453E-7
1.03328	1.153438E-10
1.03428	8.563600E-7
1.03528	2.233834E-7
1.03628	1.153438E-10
1.03728	2.745082E-7
1.03828	3.075073E-7
1.03929	8.186996E-8
1.04029	1.527251E-7
1.04129	1.153438E-10
1.04229	1.153438E-10
1.04329	1.153438E-10
1.04429	1.153438E-10
1.04529	2.145524E-7
1.04629	1.153438E-10
1.04729	1.772599E-7
1.04829	1.218131E-7
1.04929	4.619702E-7
1.05029	1.594296E-7
1.05129	1.153438E-10
1.05229	4.760458E-7
1.05329	3.799727E-8
1.05429	3.717402E-9
1.05529	4.138852E-8
1.05629	1.124272E-7
1.05729	1.153438E-10
1.05829	2.177259E-7
1.05929	1.153438E-10
1.06029	4.968376E-7
1.06129	1.153438E-10
1.06229	5.679953E-8
1.06329	1.153438E-10
1.06429	7.909162E-8
1.06529	4.518004E-7
1.06629	1.153438E-10
1.06729	3.211943E-7
1.06829	1.153438E-10
1.06929	1.615918E-7
1.07029	2.956262E-7
1.07129	1.153438E-10
1.07229	2.698805E-7
1.07329	1.153438E-10
1.07429	1.153438E-10
1.0753	6.987881E-8
1.0763	1.153438E-10
1.0773	9.794404E-8
1.0783	1.153438E-10
1.0793	1.153438E-10
1.0803	1.153438E-10
1.0813	8.666485E-8
1.0823	2.762333E-8
1.0833	4.923829E-8
1.0843	1.153438E-10
1.0853	1.153438E-10
1.0863	7.942812E-8
1.0873	2.268625E-7
1.0883	1.153438E-10
1.0893	2.834545E-7
1.0903	8.577218E-9
1.0913	1.153438E-10
1.0923	1.153438E-10
1.0933	2.584721E-7
1.0943	1.153438E-10
1.0953	1.313176E-7
1.0963	2.894694E-7
1.0973	1.293445E-7
1.0983	1.153438E-10
1.0993	3.609615E-9
1.1003	1.153438E-10
1.1004	0.
1.1005	0.
