# lambda (micron)    fractional filter transmission phi(lambda)
0.460538	0.00143320
0.460596	0.00152160
0.460653	0.00161030
0.460711	0.00169940
0.460769	0.00178820
0.460827	0.00187700
0.460885	0.00196620
0.460942	0.00205500
0.461000	0.00214430
0.461058	0.00223310
0.461116	0.00232190
0.461173	0.00241080
0.461231	0.00250000
0.461289	0.00258850
0.461347	0.00267740
0.461405	0.00276670
0.461462	0.00285570
0.461520	0.00294420
0.461578	0.00303390
0.461635	0.00312250
0.461693	0.00321160
0.461751	0.00330090
0.461809	0.00339000
0.461867	0.00347910
0.461925	0.00356850
0.461983	0.00365760
0.462041	0.00390720
0.462099	0.00422230
0.462157	0.00453770
0.462215	0.00485320
0.462273	0.00517010
0.462330	0.00548450
0.462388	0.00580020
0.462446	0.00611760
0.462504	0.00643340
0.462562	0.00674830
0.462620	0.00706730
0.462678	0.00738230
0.462736	0.00769880
0.462794	0.00801660
0.462852	0.00833350
0.462910	0.00865020
0.462968	0.00896860
0.463026	0.00920410
0.463084	0.00933940
0.463142	0.00947410
0.463200	0.00960900
0.463258	0.00974370
0.463316	0.00987920
0.463374	0.01001340
0.463432	0.01014830
0.463490	0.01028400
0.463548	0.01041890
0.463606	0.01055330
0.463665	0.01068950
0.463722	0.01082390
0.463781	0.01095910
0.463839	0.01109480
0.463897	0.01122990
0.463955	0.01136520
0.464013	0.01163400
0.464071	0.01235370
0.464130	0.01307660
0.464188	0.01379590
0.464246	0.01451590
0.464304	0.01523670
0.464362	0.01596000
0.464420	0.01667740
0.464478	0.01739860
0.464537	0.01812290
0.464595	0.01884420
0.464653	0.01956200
0.464711	0.02029030
0.464769	0.02100890
0.464828	0.02173140
0.464886	0.02245640
0.464944	0.02317900
0.465002	0.02396100
0.465061	0.02613300
0.465119	0.02829830
0.465177	0.03046210
0.465236	0.03263720
0.465294	0.03480360
0.465352	0.03696850
0.465411	0.03914650
0.465469	0.04130320
0.465527	0.04347300
0.465585	0.04565030
0.465644	0.04782090
0.465702	0.04999180
0.465761	0.05217220
0.465819	0.05433480
0.465877	0.05650700
0.465936	0.05868850
0.465994	0.06086320
0.466052	0.06151610
0.466111	0.06199520
0.466169	0.06247240
0.466227	0.06294970
0.466286	0.06342960
0.466344	0.06390710
0.466403	0.06438510
0.466462	0.06486530
0.466520	0.06534110
0.466578	0.06581950
0.466637	0.06629990
0.466695	0.06677880
0.466754	0.06725740
0.466812	0.06773840
0.466870	0.06821520
0.466929	0.06869460
0.466988	0.06917640
0.467046	0.06952190
0.467105	0.06983150
0.467163	0.07014260
0.467222	0.07045230
0.467280	0.07076230
0.467339	0.07107350
0.467397	0.07138350
0.467456	0.07169390
0.467515	0.07200540
0.467573	0.07231440
0.467631	0.07262490
0.467690	0.07293670
0.467749	0.07324740
0.467807	0.07355810
0.467866	0.07387030
0.467924	0.07417970
0.467983	0.07449060
0.468042	0.07750110
0.468101	0.08158650
0.468159	0.08567280
0.468218	0.08978030
0.468277	0.09386810
0.468335	0.09796000
0.468394	0.10206610
0.468453	0.10615960
0.468511	0.11025390
0.468570	0.11436590
0.468629	0.11844450
0.468687	0.12254440
0.468746	0.12666210
0.468805	0.13076010
0.468864	0.13486230
0.468922	0.13896520
0.468981	0.14306900
0.469040	0.14605750
0.469099	0.14852290
0.469157	0.15097840
0.469216	0.15343240
0.469275	0.15590150
0.469334	0.15835850
0.469393	0.16081590
0.469452	0.16328430
0.469510	0.16574480
0.469569	0.16820350
0.469628	0.17067720
0.469687	0.17312690
0.469745	0.17558930
0.469805	0.17806430
0.469863	0.18052760
0.469922	0.18299350
0.469981	0.18545760
0.470040	0.18485880
0.470099	0.18279260
0.470158	0.18071550
0.470217	0.17864820
0.470275	0.17658040
0.470335	0.17450190
0.470394	0.17243150
0.470452	0.17036040
0.470511	0.16828030
0.470570	0.16620820
0.470629	0.16413400
0.470689	0.16205050
0.470747	0.15998530
0.470806	0.15790940
0.470865	0.15582420
0.470924	0.15374700
0.470983	0.15166950
0.471042	0.15251220
0.471101	0.15452620
0.471160	0.15654210
0.471219	0.15856660
0.471278	0.16058290
0.471337	0.16259920
0.471397	0.16462600
0.471456	0.16664240
0.471515	0.16866070
0.471574	0.17068750
0.471633	0.17270590
0.471692	0.17472470
0.471751	0.17675350
0.471810	0.17877220
0.471869	0.18078290
0.471928	0.18281210
0.471987	0.18483320
0.472047	0.19011620
0.472106	0.19628450
0.472165	0.20245450
0.472224	0.20863080
0.472283	0.21483410
0.472342	0.22100790
0.472401	0.22718830
0.472461	0.23340110
0.472520	0.23958450
0.472579	0.24576900
0.472639	0.25198520
0.472698	0.25817750
0.472757	0.26436620
0.472816	0.27059210
0.472875	0.27678910
0.472934	0.28296160
0.472994	0.28919180
0.473053	0.28961790
0.473112	0.28937380
0.473172	0.28912990
0.473231	0.28888590
0.473290	0.28864190
0.473349	0.28839710
0.473409	0.28815280
0.473468	0.28790780
0.473527	0.28766220
0.473587	0.28741780
0.473646	0.28717320
0.473706	0.28692770
0.473765	0.28668270
0.473824	0.28643770
0.473884	0.28619150
0.473943	0.28594630
0.474002	0.28561460
0.474062	0.28294070
0.474121	0.28027750
0.474180	0.27761160
0.474240	0.27494550
0.474299	0.27228130
0.474359	0.26961490
0.474418	0.26693480
0.474477	0.26426710
0.474537	0.26159920
0.474597	0.25891810
0.474656	0.25624780
0.474715	0.25357930
0.474775	0.25089500
0.474835	0.24822340
0.474894	0.24555180
0.474954	0.24286660
0.475013	0.24154310
0.475072	0.24506470
0.475132	0.24860170
0.475191	0.25212530
0.475251	0.25564980
0.475310	0.25917810
0.475370	0.26270470
0.475430	0.26623510
0.475489	0.26978100
0.475549	0.27331350
0.475608	0.27684720
0.475668	0.28039920
0.475728	0.28393460
0.475787	0.28747350
0.475847	0.29102830
0.475907	0.29456960
0.475966	0.29811180
0.476026	0.30326370
0.476085	0.31043430
0.476145	0.31764160
0.476205	0.32487970
0.476264	0.33208390
0.476324	0.33929490
0.476384	0.34651310
0.476443	0.35372660
0.476503	0.36094120
0.476563	0.36819320
0.476623	0.37541700
0.476682	0.38264150
0.476742	0.38989670
0.476802	0.39712390
0.476861	0.40435870
0.476921	0.41158880
0.476981	0.41885510
0.477041	0.42014570
0.477101	0.41866660
0.477160	0.41719960
0.477220	0.41572600
0.477280	0.41424420
0.477340	0.41276940
0.477399	0.41129290
0.477459	0.40981650
0.477519	0.40833940
0.477579	0.40686220
0.477639	0.40537710
0.477698	0.40389840
0.477758	0.40241840
0.477818	0.40093210
0.477878	0.39945140
0.477938	0.39797010
0.477998	0.39648830
0.478058	0.39286840
0.478118	0.38918380
0.478178	0.38548370
0.478238	0.38181640
0.478297	0.37813030
0.478357	0.37442480
0.478417	0.37073700
0.478477	0.36704840
0.478537	0.36334150
0.478597	0.35966440
0.478657	0.35597080
0.478717	0.35226160
0.478777	0.34856730
0.478837	0.34486910
0.478897	0.34115510
0.478957	0.33745870
0.479017	0.33574060
0.479077	0.33901040
0.479137	0.34226490
0.479197	0.34552010
0.479257	0.34879180
0.479317	0.35203510
0.479377	0.35529510
0.479438	0.35856870
0.479498	0.36182960
0.479558	0.36509360
0.479618	0.36836910
0.479678	0.37162200
0.479738	0.37488550
0.479798	0.37816550
0.479858	0.38143340
0.479918	0.38470470
0.479978	0.38798690
0.480039	0.39307880
0.480098	0.39916140
0.480159	0.40532950
0.480219	0.41143970
0.480279	0.41756180
0.480340	0.42370550
0.480399	0.42980130
0.480460	0.43592760
0.480520	0.44208040
0.480580	0.44821020
0.480640	0.45431190
0.480701	0.46050000
0.480761	0.46660960
0.480821	0.47275090
0.480881	0.47891910
0.480941	0.48505860
0.481002	0.49102030
0.481062	0.49028860
0.481122	0.48956040
0.481182	0.48883550
0.481243	0.48809990
0.481303	0.48737110
0.481364	0.48664160
0.481424	0.48590840
0.481484	0.48518280
0.481544	0.48445230
0.481605	0.48371880
0.481665	0.48298780
0.481725	0.48226020
0.481786	0.48152190
0.481846	0.48079310
0.481906	0.48006140
0.481967	0.47932560
0.482027	0.47917980
0.482088	0.47974480
0.482148	0.48031300
0.482209	0.48087840
0.482269	0.48144180
0.482330	0.48201340
0.482390	0.48257970
0.482450	0.48314590
0.482511	0.48371450
0.482571	0.48427880
0.482631	0.48484660
0.482692	0.48541730
0.482753	0.48598520
0.482813	0.48655030
0.482874	0.48712260
0.482934	0.48768850
0.482994	0.48825730
0.483055	0.49010350
0.483116	0.49207030
0.483176	0.49403690
0.483237	0.49601590
0.483297	0.49798440
0.483357	0.49994640
0.483419	0.50193450
0.483479	0.50390630
0.483540	0.50588020
0.483600	0.50786290
0.483661	0.50982830
0.483721	0.51180380
0.483782	0.51378740
0.483843	0.51576630
0.483903	0.51773670
0.483964	0.51973300
0.484024	0.52144750
0.484085	0.52278690
0.484146	0.52413190
0.484206	0.52547280
0.484267	0.52681370
0.484328	0.52816120
0.484388	0.52950210
0.484449	0.53083860
0.484510	0.53219280
0.484571	0.53353550
0.484631	0.53487860
0.484692	0.53622810
0.484753	0.53756560
0.484813	0.53890980
0.484874	0.54026130
0.484935	0.54160700
0.484995	0.54294680
0.485057	0.54263610
0.485117	0.54219590
0.485178	0.54175420
0.485239	0.54131030
0.485300	0.54086840
0.485360	0.54042600
0.485421	0.53998120
0.485482	0.53953780
0.485543	0.53909660
0.485604	0.53864990
0.485665	0.53820710
0.485726	0.53776410
0.485786	0.53732070
0.485847	0.53687740
0.485908	0.53643340
0.485969	0.53598770
0.486030	0.53601680
0.486090	0.53653570
0.486152	0.53706230
0.486212	0.53758260
0.486273	0.53810460
0.486334	0.53862970
0.486395	0.53915220
0.486456	0.53967530
0.486517	0.54020090
0.486578	0.54072390
0.486639	0.54124550
0.486700	0.54177400
0.486761	0.54229840
0.486822	0.54282280
0.486883	0.54334770
0.486944	0.54387240
0.487005	0.54441900
0.487066	0.54521580
0.487127	0.54600920
0.487188	0.54679870
0.487249	0.54759990
0.487310	0.54839130
0.487371	0.54918560
0.487432	0.54998390
0.487493	0.55077950
0.487554	0.55157420
0.487616	0.55237360
0.487677	0.55316920
0.487738	0.55396100
0.487799	0.55476390
0.487860	0.55556050
0.487921	0.55635770
0.487982	0.55715530
0.488043	0.55529560
0.488105	0.55235350
0.488166	0.54939600
0.488227	0.54645250
0.488288	0.54352050
0.488349	0.54054730
0.488410	0.53761300
0.488472	0.53466100
0.488533	0.53169950
0.488594	0.52874670
0.488655	0.52579580
0.488717	0.52282970
0.488778	0.51987440
0.488839	0.51692970
0.488900	0.51394650
0.488962	0.51098980
0.489023	0.50840410
0.489084	0.50644670
0.489145	0.50449030
0.489206	0.50253170
0.489268	0.50056320
0.489329	0.49860310
0.489390	0.49664990
0.489452	0.49466980
0.489513	0.49271520
0.489574	0.49075010
0.489636	0.48877640
0.489697	0.48680820
0.489758	0.48484150
0.489820	0.48286450
0.489881	0.48089400
0.489942	0.47893250
0.490004	0.47707710
0.490066	0.47704040
0.490127	0.47700340
0.490188	0.47696580
0.490250	0.47692820
0.490311	0.47689020
0.490373	0.47685290
0.490434	0.47681560
0.490495	0.47677850
0.490557	0.47674090
0.490618	0.47670360
0.490680	0.47666590
0.490741	0.47662780
0.490803	0.47658970
0.490864	0.47655260
0.490926	0.47651510
0.490987	0.47647710
0.491048	0.47724830
0.491110	0.47824390
0.491172	0.47923130
0.491234	0.48022010
0.491295	0.48120880
0.491356	0.48219700
0.491418	0.48318630
0.491480	0.48417990
0.491541	0.48516580
0.491603	0.48615570
0.491665	0.48715640
0.491726	0.48814410
0.491788	0.48913580
0.491849	0.49013190
0.491911	0.49112480
0.491973	0.49211830
0.492034	0.49368560
0.492096	0.49569050
0.492157	0.49770640
0.492219	0.49974070
0.492281	0.50175780
0.492343	0.50377540
0.492404	0.50579380
0.492466	0.50781330
0.492527	0.50983300
0.492590	0.51186420
0.492651	0.51387630
0.492712	0.51589880
0.492775	0.51793930
0.492836	0.51996370
0.492898	0.52198080
0.492960	0.52401490
0.493022	0.52616020
0.493083	0.52852810
0.493145	0.53090790
0.493207	0.53326630
0.493268	0.53563900
0.493331	0.53803090
0.493392	0.54040480
0.493454	0.54277990
0.493516	0.54515580
0.493578	0.54753210
0.493640	0.54990940
0.493702	0.55229910
0.493763	0.55466900
0.493825	0.55705110
0.493887	0.55945460
0.493949	0.56183760
0.494011	0.56398370
0.494073	0.56504690
0.494135	0.56610630
0.494197	0.56716610
0.494259	0.56823030
0.494320	0.56928630
0.494382	0.57034700
0.494444	0.57141730
0.494506	0.57247970
0.494568	0.57354410
0.494630	0.57460700
0.494692	0.57567000
0.494754	0.57673450
0.494816	0.57780350
0.494878	0.57886360
0.494940	0.57992970
0.495002	0.58090550
0.495064	0.57933440
0.495126	0.57776930
0.495188	0.57619130
0.495250	0.57461730
0.495312	0.57304330
0.495374	0.57146270
0.495436	0.56989590
0.495498	0.56832140
0.495561	0.56673150
0.495623	0.56515640
0.495685	0.56357960
0.495747	0.56200330
0.495809	0.56042570
0.495871	0.55884830
0.495933	0.55726300
0.495995	0.55569120
0.496057	0.55348260
0.496120	0.55120270
0.496182	0.54893910
0.496244	0.54668440
0.496306	0.54441080
0.496368	0.54214330
0.496431	0.53987640
0.496493	0.53760670
0.496555	0.53533650
0.496617	0.53306550
0.496680	0.53077330
0.496742	0.52849990
0.496804	0.52622380
0.496866	0.52394900
0.496928	0.52167130
0.496991	0.51939220
0.497053	0.51997380
0.497115	0.52106360
0.497177	0.52215380
0.497240	0.52325350
0.497302	0.52434530
0.497364	0.52542760
0.497427	0.52652920
0.497489	0.52762170
0.497551	0.52871410
0.497614	0.52980800
0.497676	0.53090350
0.497738	0.53199850
0.497801	0.53310310
0.497863	0.53419810
0.497926	0.53529390
0.497988	0.53639110
0.498050	0.53872180
0.498113	0.54134830
0.498175	0.54397540
0.498237	0.54660330
0.498300	0.54923170
0.498363	0.55188580
0.498425	0.55451770
0.498487	0.55712560
0.498550	0.55978190
0.498612	0.56241620
0.498675	0.56505330
0.498737	0.56768890
0.498800	0.57032750
0.498862	0.57296570
0.498925	0.57562870
0.498987	0.57826880
0.499050	0.57966710
0.499112	0.58075090
0.499175	0.58183520
0.499237	0.58292120
0.499300	0.58400770
0.499362	0.58509430
0.499425	0.58618090
0.499488	0.58727810
0.499550	0.58836620
0.499612	0.58944630
0.499676	0.59054510
0.499738	0.59163470
0.499801	0.59272460
0.499863	0.59381480
0.499926	0.59490620
0.499988	0.59599910
0.500051	0.59683150
0.500114	0.59759570
0.500177	0.59835950
0.500239	0.59912370
0.500302	0.59988920
0.500365	0.60065320
0.500427	0.60141810
0.500490	0.60218350
0.500552	0.60294970
0.500616	0.60372230
0.500678	0.60448920
0.500740	0.60524950
0.500804	0.60602410
0.500866	0.60679140
0.500929	0.60755900
0.500992	0.60832670
0.501054	0.60764530
0.501117	0.60674130
0.501180	0.60582900
0.501243	0.60492420
0.501306	0.60401920
0.501369	0.60311430
0.501431	0.60220900
0.501494	0.60130240
0.501557	0.60039670
0.501620	0.59948940
0.501682	0.59858110
0.501746	0.59766420
0.501809	0.59675430
0.501871	0.59585370
0.501934	0.59493570
0.501997	0.59402530
0.502060	0.59192830
0.502123	0.58977370
0.502186	0.58761660
0.502248	0.58546110
0.502312	0.58328460
0.502375	0.58112680
0.502438	0.57896680
0.502501	0.57680620
0.502564	0.57464230
0.502626	0.57247920
0.502689	0.57031590
0.502752	0.56815030
0.502815	0.56598390
0.502879	0.56379750
0.502942	0.56162740
0.503004	0.55945780
0.503068	0.55696800
0.503131	0.55449690
0.503194	0.55202460
0.503256	0.54955230
0.503319	0.54707860
0.503382	0.54460340
0.503446	0.54210430
0.503509	0.53962560
0.503572	0.53714720
0.503635	0.53466550
0.503698	0.53218340
0.503761	0.52969920
0.503824	0.52721560
0.503887	0.52472840
0.503950	0.52224000
0.504014	0.52010580
0.504077	0.51930320
0.504140	0.51850650
0.504203	0.51769480
0.504266	0.51689030
0.504330	0.51608510
0.504393	0.51527950
0.504456	0.51447340
0.504519	0.51366690
0.504583	0.51285240
0.504646	0.51204520
0.504709	0.51123740
0.504772	0.51042850
0.504835	0.50961930
0.504899	0.50880940
0.504962	0.50799950
0.505025	0.50758130
0.505088	0.50776350
0.505152	0.50794680
0.505215	0.50812850
0.505278	0.50830950
0.505342	0.50849320
0.505405	0.50867530
0.505468	0.50885700
0.505531	0.50903890
0.505595	0.50922090
0.505658	0.50940350
0.505722	0.50958770
0.505785	0.50976980
0.505848	0.50995130
0.505912	0.51013500
0.505975	0.51031820
0.506039	0.51291200
0.506102	0.51705930
0.506165	0.52121090
0.506229	0.52536180
0.506293	0.52955330
0.506356	0.53371050
0.506419	0.53785330
0.506483	0.54203300
0.506546	0.54619500
0.506610	0.55036150
0.506673	0.55452740
0.506736	0.55869780
0.506800	0.56286920
0.506863	0.56704560
0.506927	0.57125590
0.506990	0.57541660
0.507054	0.57648180
0.507118	0.57698340
0.507181	0.57748530
0.507244	0.57798720
0.507308	0.57848900
0.507372	0.57899180
0.507435	0.57949430
0.507499	0.58000210
0.507562	0.58050240
0.507626	0.58100800
0.507690	0.58151140
0.507753	0.58201600
0.507817	0.58252050
0.507880	0.58302420
0.507944	0.58352820
0.508007	0.58418070
0.508072	0.58595630
0.508135	0.58770930
0.508199	0.58947820
0.508262	0.59124010
0.508326	0.59300280
0.508390	0.59476640
0.508453	0.59653090
0.508517	0.59829710
0.508581	0.60006210
0.508645	0.60183700
0.508708	0.60360420
0.508772	0.60538040
0.508836	0.60714930
0.508900	0.60891960
0.508963	0.61069100
0.509027	0.61054320
0.509091	0.60779210
0.509155	0.60504020
0.509219	0.60227450
0.509282	0.59952030
0.509346	0.59675000
0.509410	0.59399310
0.509474	0.59123220
0.509538	0.58847030
0.509601	0.58570590
0.509665	0.58294230
0.509729	0.58017560
0.509793	0.57739680
0.509857	0.57462710
0.509921	0.57184320
0.509985	0.56907050
0.510049	0.56865080
0.510112	0.56896960
0.510176	0.56928850
0.510240	0.56960760
0.510304	0.56992670
0.510368	0.57024680
0.510432	0.57056600
0.510496	0.57088620
0.510560	0.57120650
0.510624	0.57152660
0.510688	0.57184660
0.510752	0.57216630
0.510816	0.57248600
0.510880	0.57280740
0.510944	0.57312730
0.511008	0.57337770
0.511072	0.57313670
0.511136	0.57289410
0.511200	0.57265200
0.511264	0.57240980
0.511328	0.57216750
0.511392	0.57192530
0.511456	0.57168180
0.511520	0.57143970
0.511585	0.57119670
0.511649	0.57095250
0.511713	0.57070910
0.511777	0.57046550
0.511841	0.57022180
0.511905	0.56997800
0.511969	0.56973360
0.512034	0.56977370
0.512098	0.57007530
0.512162	0.57037700
0.512226	0.57067890
0.512290	0.57098220
0.512354	0.57128400
0.512419	0.57158590
0.512483	0.57188800
0.512547	0.57219020
0.512611	0.57249410
0.512675	0.57279690
0.512740	0.57309980
0.512804	0.57340350
0.512868	0.57370630
0.512932	0.57400930
0.512997	0.57431280
0.513061	0.57595450
0.513125	0.57765710
0.513190	0.57937520
0.513254	0.58108620
0.513318	0.58279930
0.513382	0.58451260
0.513447	0.58623470
0.513511	0.58794930
0.513575	0.58966630
0.513640	0.59138240
0.513704	0.59310070
0.513769	0.59482800
0.513833	0.59654780
0.513897	0.59826870
0.513962	0.59999750
0.514026	0.60121810
0.514090	0.60170400
0.514155	0.60218920
0.514219	0.60267780
0.514284	0.60316320
0.514348	0.60365190
0.514413	0.60413870
0.514477	0.60462550
0.514541	0.60511310
0.514606	0.60560340
0.514670	0.60608850
0.514735	0.60657790
0.514799	0.60706530
0.514864	0.60755330
0.514928	0.60804380
0.514993	0.60853240
0.515057	0.61015380
0.515122	0.61192220
0.515187	0.61368430
0.515251	0.61544630
0.515316	0.61721000
0.515380	0.61898220
0.515445	0.62074080
0.515510	0.62251480
0.515574	0.62428050
0.515639	0.62604860
0.515703	0.62781830
0.515768	0.62959530
0.515832	0.63135790
0.515897	0.63313720
0.515962	0.63490990
0.516026	0.63511520
0.516091	0.63301710
0.516156	0.63092550
0.516220	0.62883110
0.516285	0.62672810
0.516350	0.62463350
0.516415	0.62253630
0.516479	0.62043830
0.516544	0.61832950
0.516608	0.61623930
0.516673	0.61412870
0.516738	0.61202540
0.516803	0.60992140
0.516867	0.60781760
0.516932	0.60570140
0.516997	0.60360140
0.517062	0.60355190
0.517127	0.60360840
0.517191	0.60366480
0.517256	0.60372090
0.517321	0.60377690
0.517386	0.60383280
0.517451	0.60388880
0.517516	0.60394490
0.517580	0.60400060
0.517645	0.60405680
0.517710	0.60411310
0.517775	0.60416810
0.517840	0.60422320
0.517905	0.60427810
0.517969	0.60433360
0.518034	0.60382010
0.518099	0.60279660
0.518164	0.60178260
0.518229	0.60075870
0.518294	0.59973830
0.518359	0.59871740
0.518424	0.59769070
0.518489	0.59666800
0.518554	0.59564500
0.518619	0.59461700
0.518684	0.59359230
0.518749	0.59256720
0.518814	0.59154180
0.518879	0.59051170
0.518944	0.58948910
0.519009	0.58925490
0.519074	0.59396260
0.519139	0.59867530
0.519204	0.60338960
0.519269	0.60812550
0.519334	0.61282110
0.519399	0.61756130
0.519464	0.62228520
0.519529	0.62701100
0.519595	0.63175640
0.519660	0.63648460
0.519725	0.64121780
0.519790	0.64597090
0.519855	0.65070450
0.519920	0.65544340
0.519985	0.66018320
0.520050	0.65924190
0.520115	0.65663490
0.520181	0.65401390
0.520246	0.65140090
0.520311	0.64878880
0.520377	0.64616180
0.520442	0.64354440
0.520506	0.64093550
0.520572	0.63830370
0.520637	0.63568200
0.520702	0.63305650
0.520767	0.63043010
0.520833	0.62779050
0.520898	0.62516100
0.520964	0.62251860
0.521029	0.62152870
0.521094	0.62261720
0.521159	0.62370590
0.521224	0.62479550
0.521290	0.62588690
0.521355	0.62697760
0.521420	0.62807410
0.521486	0.62916770
0.521551	0.63026630
0.521617	0.63136040
0.521682	0.63244940
0.521747	0.63354910
0.521812	0.63464500
0.521878	0.63574210
0.521943	0.63683910
0.522009	0.63721870
0.522074	0.63293390
0.522140	0.62863090
0.522205	0.62434550
0.522270	0.62005590
0.522336	0.61576510
0.522401	0.61147330
0.522467	0.60717980
0.522532	0.60288150
0.522598	0.59856620
0.522663	0.59426470
0.522729	0.58994270
0.522794	0.58563850
0.522860	0.58135240
0.522925	0.57702640
0.522991	0.57271460
0.523056	0.57161160
0.523122	0.57104190
0.523187	0.57046880
0.523253	0.56989730
0.523319	0.56932330
0.523384	0.56875090
0.523450	0.56817920
0.523515	0.56760670
0.523581	0.56703410
0.523646	0.56646100
0.523712	0.56588720
0.523778	0.56531010
0.523843	0.56473560
0.523909	0.56415820
0.523975	0.56358350
0.524040	0.56598000
0.524106	0.57030440
0.524171	0.57460930
0.524237	0.57891950
0.524303	0.58323130
0.524369	0.58756480
0.524434	0.59188140
0.524500	0.59622320
0.524566	0.60054390
0.524631	0.60487020
0.524697	0.60919880
0.524763	0.61353010
0.524828	0.61786360
0.524894	0.62220180
0.524960	0.62655830
0.525026	0.62816050
0.525092	0.62554440
0.525158	0.62293900
0.525223	0.62034410
0.525289	0.61772310
0.525355	0.61511440
0.525421	0.61250250
0.525486	0.60988950
0.525552	0.60726290
0.525618	0.60464670
0.525684	0.60201600
0.525750	0.59939820
0.525816	0.59677720
0.525882	0.59415540
0.525948	0.59153100
0.526014	0.59015840
0.526079	0.59366310
0.526145	0.59718760
0.526211	0.60069780
0.526277	0.60422220
0.526343	0.60773750
0.526409	0.61123590
0.526475	0.61476860
0.526541	0.61828920
0.526607	0.62181120
0.526673	0.62533330
0.526739	0.62887280
0.526805	0.63239830
0.526871	0.63594490
0.526937	0.63947430
0.527003	0.64277870
0.527069	0.64148730
0.527135	0.64019470
0.527201	0.63889390
0.527267	0.63760530
0.527333	0.63630330
0.527399	0.63500580
0.527466	0.63370190
0.527531	0.63240910
0.527597	0.63110950
0.527664	0.62980280
0.527730	0.62850120
0.527796	0.62719990
0.527862	0.62589670
0.527928	0.62458640
0.527994	0.62328120
0.528061	0.62576160
0.528127	0.62857880
0.528193	0.63139930
0.528259	0.63421970
0.528325	0.63704300
0.528392	0.63987840
0.528457	0.64269120
0.528524	0.64552750
0.528590	0.64835450
0.528656	0.65119410
0.528722	0.65400990
0.528789	0.65684160
0.528855	0.65968400
0.528921	0.66251670
0.528988	0.66535050
0.529054	0.66455820
0.529120	0.66291360
0.529186	0.66127310
0.529253	0.65962650
0.529319	0.65798470
0.529385	0.65634150
0.529452	0.65469770
0.529518	0.65305210
0.529585	0.65139980
0.529651	0.64975920
0.529717	0.64810300
0.529784	0.64645490
0.529850	0.64479600
0.529916	0.64315210
0.529982	0.64149930
0.530049	0.64041560
0.530115	0.63954180
0.530182	0.63866760
0.530248	0.63779210
0.530315	0.63691170
0.530381	0.63603540
0.530448	0.63515590
0.530514	0.63427980
0.530581	0.63340230
0.530647	0.63252380
0.530714	0.63164530
0.530780	0.63076190
0.530846	0.62988590
0.530913	0.62900590
0.530980	0.62812170
0.531046	0.62630980
0.531113	0.62410760
0.531179	0.62189660
0.531246	0.61967200
0.531312	0.61745590
0.531379	0.61523900
0.531445	0.61302100
0.531512	0.61080210
0.531579	0.60856830
0.531646	0.60633480
0.531712	0.60411000
0.531779	0.60188420
0.531845	0.59965630
0.531912	0.59742700
0.531979	0.59518660
0.532045	0.59720890
0.532112	0.60126390
0.532178	0.60533940
0.532245	0.60941620
0.532312	0.61346190
0.532378	0.61752330
0.532445	0.62160660
0.532512	0.62567380
0.532579	0.62974280
0.532645	0.63381360
0.532712	0.63788880
0.532779	0.64198300
0.532846	0.64607520
0.532912	0.65015360
0.532979	0.65423470
0.533046	0.65374160
0.533113	0.65118410
0.533179	0.64862440
0.533246	0.64606280
0.533313	0.64349980
0.533380	0.64092430
0.533447	0.63834800
0.533514	0.63579120
0.533580	0.63322080
0.533647	0.63063940
0.533714	0.62806850
0.533781	0.62549620
0.533848	0.62292300
0.533915	0.62034600
0.533982	0.61775610
0.534049	0.62035810
0.534116	0.62488370
0.534183	0.62940900
0.534249	0.63393570
0.534316	0.63846750
0.534383	0.64300080
0.534450	0.64753660
0.534517	0.65207490
0.534584	0.65663570
0.534651	0.66119770
0.534718	0.66574470
0.534785	0.67027360
0.534852	0.67484590
0.534919	0.67940000
0.534986	0.68395510
0.535053	0.68412110
0.535120	0.68314040
0.535187	0.68215440
0.535255	0.68116740
0.535322	0.68018400
0.535389	0.67919970
0.535456	0.67821560
0.535523	0.67723040
0.535590	0.67624530
0.535657	0.67525900
0.535724	0.67427250
0.535791	0.67328120
0.535859	0.67228860
0.535926	0.67129980
0.535992	0.67031450
0.536060	0.66984570
0.536127	0.66944500
0.536194	0.66904400
0.536261	0.66864290
0.536328	0.66824110
0.536396	0.66783680
0.536463	0.66743260
0.536530	0.66702960
0.536597	0.66662550
0.536665	0.66622280
0.536732	0.66581920
0.536799	0.66541560
0.536866	0.66501150
0.536933	0.66460610
0.537001	0.66420690
0.537068	0.66450400
0.537136	0.66480070
0.537202	0.66509660
0.537270	0.66539400
0.537337	0.66569060
0.537405	0.66598670
0.537472	0.66628340
0.537539	0.66658010
0.537607	0.66687800
0.537674	0.66717600
0.537742	0.66747270
0.537809	0.66776920
0.537876	0.66806630
0.537944	0.66836360
0.538011	0.66841220
0.538078	0.66717800
0.538146	0.66594410
0.538213	0.66470380
0.538281	0.66346220
0.538348	0.66222500
0.538415	0.66099280
0.538483	0.65974960
0.538551	0.65850990
0.538618	0.65727060
0.538685	0.65602960
0.538753	0.65478850
0.538820	0.65354150
0.538888	0.65229280
0.538956	0.65104830
0.539023	0.64925660
0.539091	0.64642290
0.539158	0.64358400
0.539226	0.64074210
0.539293	0.63790240
0.539361	0.63506060
0.539428	0.63220300
0.539496	0.62935720
0.539564	0.62649800
0.539631	0.62366180
0.539699	0.62079710
0.539766	0.61794650
0.539834	0.61509270
0.539902	0.61223750
0.539969	0.60938090
0.540037	0.60783170
0.540105	0.60738510
0.540173	0.60693630
0.540240	0.60648920
0.540308	0.60604130
0.540375	0.60559280
0.540443	0.60514380
0.540511	0.60469440
0.540578	0.60424560
0.540646	0.60379390
0.540714	0.60334390
0.540782	0.60289040
0.540849	0.60244200
0.540917	0.60198900
0.540985	0.60153690
0.541053	0.60342150
0.541120	0.60596840
0.541188	0.60851900
0.541256	0.61107940
0.541324	0.61363170
0.541392	0.61619370
0.541460	0.61874880
0.541528	0.62130470
0.541595	0.62386300
0.541663	0.62642030
0.541731	0.62898110
0.541799	0.63154320
0.541867	0.63411530
0.541935	0.63667900
0.542003	0.63922490
0.542070	0.64128790
0.542139	0.64336340
0.542206	0.64543170
0.542274	0.64749940
0.542342	0.64956770
0.542410	0.65163640
0.542478	0.65371540
0.542546	0.65578630
0.542614	0.65785890
0.542682	0.65994230
0.542750	0.66201610
0.542818	0.66409020
0.542886	0.66616700
0.542954	0.66825340
0.543022	0.67018000
0.543090	0.67182650
0.543158	0.67346650
0.543226	0.67510710
0.543294	0.67674920
0.543363	0.67839930
0.543431	0.68004330
0.543499	0.68168730
0.543567	0.68333220
0.543635	0.68497950
0.543703	0.68663510
0.543771	0.68828130
0.543839	0.68992980
0.543908	0.69158760
0.543976	0.69323770
0.544044	0.69476500
0.544112	0.69622260
0.544180	0.69768670
0.544248	0.69914000
0.544317	0.70060770
0.544385	0.70206670
0.544453	0.70352800
0.544521	0.70498900
0.544589	0.70645810
0.544658	0.70792190
0.544726	0.70938660
0.544794	0.71084950
0.544862	0.71231480
0.544931	0.71378710
0.544999	0.71525390
0.545067	0.71480290
0.545136	0.71431650
0.545204	0.71383080
0.545272	0.71334640
0.545340	0.71286150
0.545409	0.71237300
0.545477	0.71188880
0.545545	0.71140020
0.545614	0.71091300
0.545682	0.71042630
0.545750	0.70993860
0.545819	0.70944840
0.545887	0.70895990
0.545956	0.70847130
0.546024	0.70825670
0.546092	0.70854960
0.546161	0.70884430
0.546229	0.70913760
0.546298	0.70943180
0.546366	0.70972650
0.546435	0.71001980
0.546503	0.71031290
0.546572	0.71060670
0.546640	0.71090200
0.546708	0.71119460
0.546777	0.71148920
0.546846	0.71178310
0.546914	0.71207670
0.546982	0.71237030
0.547051	0.71315710
0.547120	0.71410780
0.547188	0.71505750
0.547257	0.71600940
0.547325	0.71696130
0.547394	0.71791700
0.547463	0.71887040
0.547531	0.71982240
0.547600	0.72077960
0.547669	0.72173330
0.547737	0.72268700
0.547806	0.72364120
0.547874	0.72460070
0.547943	0.72555230
0.548012	0.72627510
0.548080	0.72583130
0.548149	0.72538790
0.548218	0.72494470
0.548286	0.72450040
0.548355	0.72405590
0.548424	0.72361100
0.548492	0.72316580
0.548561	0.72272120
0.548630	0.72227430
0.548699	0.72182910
0.548767	0.72138370
0.548836	0.72093530
0.548905	0.72048830
0.548974	0.72004100
0.549042	0.71969540
0.549111	0.71941070
0.549180	0.71912850
0.549249	0.71884320
0.549318	0.71855940
0.549386	0.71827470
0.549455	0.71798970
0.549524	0.71770340
0.549593	0.71741860
0.549662	0.71713310
0.549731	0.71684770
0.549799	0.71656210
0.549869	0.71627520
0.549938	0.71598910
0.550006	0.71550640
0.550075	0.71306060
0.550144	0.71062270
0.550213	0.70818310
0.550282	0.70574190
0.550351	0.70328810
0.550420	0.70085560
0.550489	0.69839830
0.550558	0.69595100
0.550627	0.69350220
0.550696	0.69104040
0.550765	0.68858710
0.550834	0.68613270
0.550903	0.68367670
0.550972	0.68122030
0.551041	0.68059050
0.551110	0.68122620
0.551179	0.68185830
0.551248	0.68249080
0.551317	0.68312710
0.551386	0.68376010
0.551455	0.68439410
0.551524	0.68502770
0.551594	0.68566390
0.551662	0.68629530
0.551731	0.68692970
0.551801	0.68756850
0.551870	0.68820240
0.551939	0.68883940
0.552009	0.68951140
0.552078	0.69044460
0.552147	0.69137730
0.552216	0.69230990
0.552285	0.69324400
0.552354	0.69417850
0.552423	0.69511730
0.552493	0.69605230
0.552562	0.69699160
0.552631	0.69792710
0.552700	0.69886360
0.552770	0.69979970
0.552839	0.70074040
0.552908	0.70167330
0.552977	0.70261130
0.553047	0.70352840
0.553116	0.70442910
0.553185	0.70533450
0.553255	0.70623690
0.553324	0.70713520
0.553393	0.70804100
0.553462	0.70894260
0.553532	0.70984540
0.553601	0.71074970
0.553671	0.71165730
0.553740	0.71256180
0.553810	0.71347030
0.553879	0.71437380
0.553948	0.71527870
0.554018	0.71614740
0.554087	0.71691170
0.554156	0.71766990
0.554226	0.71843150
0.554295	0.71919670
0.554365	0.71995860
0.554435	0.72072370
0.554504	0.72148570
0.554573	0.72224420
0.554643	0.72300980
0.554712	0.72377320
0.554782	0.72453630
0.554851	0.72529900
0.554921	0.72606580
0.554990	0.72683020
0.555060	0.72574210
0.555130	0.72435700
0.555199	0.72297130
0.555269	0.72158470
0.555338	0.72019020
0.555407	0.71880650
0.555477	0.71741810
0.555547	0.71602170
0.555616	0.71463150
0.555686	0.71323290
0.555756	0.71184010
0.555825	0.71045140
0.555895	0.70905060
0.555965	0.70765400
0.556034	0.70757070
0.556104	0.70885270
0.556174	0.71014070
0.556243	0.71142380
0.556313	0.71271260
0.556383	0.71399720
0.556452	0.71528140
0.556522	0.71656560
0.556592	0.71785540
0.556661	0.71913640
0.556731	0.72042280
0.556801	0.72171350
0.556871	0.72300130
0.556941	0.72429490
0.557011	0.72545210
0.557080	0.72587210
0.557150	0.72629650
0.557220	0.72671950
0.557290	0.72714160
0.557359	0.72756440
0.557429	0.72798840
0.557499	0.72841050
0.557569	0.72883660
0.557639	0.72925950
0.557709	0.72968220
0.557779	0.73010520
0.557849	0.73052930
0.557919	0.73095210
0.557988	0.73137310
0.558058	0.73100540
0.558128	0.73047730
0.558198	0.72994600
0.558268	0.72942030
0.558338	0.72889180
0.558408	0.72836110
0.558478	0.72783030
0.558548	0.72730040
0.558618	0.72676990
0.558688	0.72623700
0.558758	0.72570580
0.558828	0.72517220
0.558898	0.72464080
0.558968	0.72410940
0.559038	0.72366640
0.559108	0.72329670
0.559178	0.72292910
0.559248	0.72256330
0.559318	0.72219400
0.559388	0.72182620
0.559458	0.72145770
0.559529	0.72108660
0.559599	0.72071680
0.559669	0.72034780
0.559739	0.71997850
0.559809	0.71960860
0.559879	0.71923520
0.559950	0.71886280
0.560019	0.71802120
0.560090	0.71589570
0.560160	0.71376900
0.560230	0.71165000
0.560300	0.70951960
0.560370	0.70740820
0.560440	0.70528670
0.560511	0.70315410
0.560581	0.70101780
0.560651	0.69891150
0.560721	0.69677450
0.560792	0.69463690
0.560862	0.69250720
0.560932	0.69037610
0.561002	0.68832360
0.561073	0.68846540
0.561143	0.68860780
0.561214	0.68875020
0.561283	0.68889040
0.561354	0.68903200
0.561425	0.68917390
0.561495	0.68931600
0.561565	0.68945740
0.561635	0.68959820
0.561706	0.68973880
0.561776	0.68988240
0.561847	0.69002410
0.561917	0.69016370
0.561987	0.69030590
0.562058	0.69194260
0.562128	0.69389810
0.562199	0.69585520
0.562269	0.69781160
0.562340	0.69976940
0.562410	0.70173760
0.562481	0.70370520
0.562551	0.70564990
0.562621	0.70761950
0.562692	0.70959080
0.562762	0.71155280
0.562833	0.71351750
0.562903	0.71548290
0.562974	0.71744800
0.563045	0.71916730
0.563115	0.72073720
0.563185	0.72229020
0.563256	0.72386270
0.563327	0.72543690
0.563398	0.72700490
0.563468	0.72857350
0.563539	0.73014360
0.563609	0.73171310
0.563680	0.73329000
0.563751	0.73486910
0.563821	0.73642710
0.563892	0.73800610
0.563962	0.73958690
0.564033	0.74055030
0.564104	0.74082350
0.564174	0.74109740
0.564245	0.74137210
0.564316	0.74164830
0.564387	0.74192290
0.564457	0.74219460
0.564528	0.74247060
0.564599	0.74274680
0.564669	0.74302010
0.564740	0.74329470
0.564811	0.74356990
0.564882	0.74384490
0.564953	0.74412130
0.565024	0.74398460
0.565094	0.74302980
0.565165	0.74206180
0.565236	0.74109360
0.565307	0.74012920
0.565377	0.73916490
0.565448	0.73819900
0.565519	0.73723340
0.565590	0.73626340
0.565661	0.73529200
0.565731	0.73433340
0.565802	0.73336100
0.565874	0.73238910
0.565944	0.73142140
0.566015	0.73044020
0.566086	0.72941540
0.566157	0.72838960
0.566228	0.72735920
0.566299	0.72632910
0.566370	0.72531060
0.566441	0.72427910
0.566512	0.72324670
0.566583	0.72221850
0.566654	0.72118910
0.566725	0.72015990
0.566796	0.71912910
0.566867	0.71809480
0.566938	0.71705840
0.567009	0.71618480
0.567080	0.71639180
0.567151	0.71660010
0.567222	0.71680770
0.567293	0.71701610
0.567364	0.71722320
0.567435	0.71743050
0.567506	0.71763860
0.567578	0.71784670
0.567648	0.71805320
0.567720	0.71826260
0.567791	0.71847110
0.567862	0.71867950
0.567933	0.71888790
0.568004	0.71914030
0.568075	0.72008740
0.568147	0.72103920
0.568218	0.72198280
0.568289	0.72293040
0.568360	0.72388460
0.568432	0.72483820
0.568503	0.72578760
0.568574	0.72673880
0.568645	0.72769020
0.568716	0.72864290
0.568788	0.72959860
0.568859	0.73054710
0.568930	0.73150100
0.569001	0.73246470
0.569073	0.73370420
0.569144	0.73493700
0.569215	0.73617090
0.569287	0.73740730
0.569358	0.73864290
0.569430	0.73988490
0.569501	0.74111730
0.569572	0.74235480
0.569643	0.74359830
0.569715	0.74484290
0.569786	0.74608290
0.569858	0.74732260
0.569929	0.74856290
0.570000	0.74980160
0.570072	0.75032790
0.570143	0.75085000
0.570214	0.75137470
0.570286	0.75190290
0.570358	0.75243070
0.570429	0.75295600
0.570501	0.75348180
0.570572	0.75400750
0.570643	0.75453460
0.570715	0.75506520
0.570786	0.75558870
0.570858	0.75611580
0.570930	0.75664630
0.571001	0.75714940
0.571073	0.75613190
0.571144	0.75511240
0.571216	0.75409230
0.571287	0.75307350
0.571359	0.75204790
0.571430	0.75103180
0.571502	0.75001120
0.571574	0.74898540
0.571645	0.74795940
0.571717	0.74693630
0.571789	0.74591330
0.571860	0.74488950
0.571932	0.74386610
0.572004	0.74289070
0.572075	0.74289500
0.572147	0.74290110
0.572219	0.74290760
0.572290	0.74291260
0.572362	0.74291800
0.572434	0.74292330
0.572505	0.74292850
0.572577	0.74293520
0.572649	0.74294140
0.572720	0.74294710
0.572792	0.74295460
0.572864	0.74296090
0.572936	0.74296740
0.573008	0.74312030
0.573080	0.74446950
0.573151	0.74581860
0.573223	0.74716910
0.573295	0.74852720
0.573367	0.74987280
0.573438	0.75122560
0.573510	0.75258490
0.573583	0.75394640
0.573654	0.75530090
0.573726	0.75665770
0.573798	0.75801690
0.573870	0.75937520
0.573942	0.76073960
0.574014	0.76118990
0.574085	0.75773020
0.574157	0.75425780
0.574230	0.75078440
0.574302	0.74732280
0.574373	0.74385870
0.574445	0.74039640
0.574517	0.73693120
0.574590	0.73345110
0.574661	0.72999810
0.574733	0.72653120
0.574805	0.72304710
0.574878	0.71956130
0.574949	0.71609130
0.575022	0.71365210
0.575094	0.71364150
0.575165	0.71363120
0.575238	0.71362000
0.575310	0.71360790
0.575381	0.71359590
0.575454	0.71358570
0.575526	0.71357530
0.575598	0.71356360
0.575670	0.71355330
0.575742	0.71354240
0.575814	0.71353080
0.575887	0.71351970
0.575959	0.71350980
0.576031	0.71338340
0.576103	0.71309750
0.576176	0.71281300
0.576248	0.71253040
0.576320	0.71224700
0.576392	0.71196240
0.576464	0.71167850
0.576536	0.71139350
0.576608	0.71111090
0.576681	0.71082840
0.576753	0.71054380
0.576826	0.71025870
0.576898	0.70997500
0.576970	0.70969070
0.577042	0.71001990
0.577115	0.71078750
0.577187	0.71155770
0.577259	0.71232160
0.577331	0.71308970
0.577404	0.71386180
0.577476	0.71463390
0.577549	0.71540350
0.577621	0.71617350
0.577693	0.71694390
0.577766	0.71771610
0.577838	0.71849160
0.577910	0.71926080
0.577983	0.72003440
0.578055	0.72138670
0.578128	0.72292120
0.578200	0.72444920
0.578273	0.72598070
0.578345	0.72751120
0.578417	0.72904290
0.578490	0.73058210
0.578562	0.73210970
0.578635	0.73364300
0.578707	0.73518350
0.578780	0.73672590
0.578853	0.73826200
0.578925	0.73979950
0.578998	0.74133840
0.579070	0.74320740
0.579143	0.74509770
0.579215	0.74697230
0.579288	0.74885690
0.579360	0.75075050
0.579433	0.75264590
0.579506	0.75453370
0.579578	0.75642080
0.579651	0.75831230
0.579723	0.76020410
0.579796	0.76210550
0.579869	0.76399120
0.579941	0.76588560
0.580014	0.76761280
0.580087	0.76859300
0.580160	0.76956890
0.580232	0.77054520
0.580305	0.77152280
0.580377	0.77249970
0.580450	0.77348270
0.580523	0.77445640
0.580595	0.77543450
0.580668	0.77641830
0.580741	0.77740250
0.580814	0.77838380
0.580887	0.77936520
0.580960	0.78034620
0.581032	0.78109380
0.581105	0.78154670
0.581178	0.78199890
0.581250	0.78245220
0.581323	0.78290780
0.581397	0.78336330
0.581469	0.78381790
0.581542	0.78427300
0.581615	0.78472890
0.581688	0.78518300
0.581760	0.78563910
0.581833	0.78609580
0.581906	0.78655130
0.581979	0.78701160
0.582052	0.78614760
0.582125	0.78476960
0.582198	0.78338980
0.582271	0.78201080
0.582344	0.78063110
0.582417	0.77925070
0.582490	0.77786880
0.582563	0.77648610
0.582636	0.77509660
0.582709	0.77370710
0.582782	0.77232110
0.582855	0.77093610
0.582928	0.76955030
0.583001	0.76818250
0.583074	0.76815740
0.583147	0.76813360
0.583220	0.76811020
0.583293	0.76808570
0.583367	0.76806200
0.583440	0.76803840
0.583513	0.76801450
0.583586	0.76799180
0.583659	0.76796760
0.583732	0.76794320
0.583805	0.76791990
0.583878	0.76789750
0.583951	0.76787450
0.584025	0.76735670
0.584098	0.76587950
0.584171	0.76440260
0.584244	0.76292520
0.584317	0.76144610
0.584390	0.75996670
0.584464	0.75848680
0.584537	0.75700620
0.584610	0.75551740
0.584684	0.75402820
0.584757	0.75254620
0.584830	0.75106320
0.584903	0.74957880
0.584977	0.74809460
0.585050	0.74923160
0.585123	0.75160410
0.585196	0.75397790
0.585270	0.75636360
0.585344	0.75875010
0.585417	0.76112620
0.585490	0.76350380
0.585563	0.76588320
0.585637	0.76826390
0.585710	0.77064610
0.585783	0.77303000
0.585856	0.77541490
0.585930	0.77781020
0.586004	0.78006850
0.586077	0.77980060
0.586151	0.77953350
0.586224	0.77926620
0.586297	0.77899930
0.586371	0.77873110
0.586444	0.77846300
0.586518	0.77819510
0.586591	0.77792620
0.586665	0.77765610
0.586738	0.77738750
0.586812	0.77711880
0.586885	0.77684990
0.586959	0.77658180
0.587032	0.77646460
0.587106	0.77654000
0.587179	0.77661540
0.587253	0.77669170
0.587327	0.77676810
0.587400	0.77684420
0.587474	0.77691970
0.587548	0.77699630
0.587621	0.77707360
0.587695	0.77715000
0.587768	0.77722640
0.587842	0.77730340
0.587916	0.77738040
0.587990	0.77745840
0.588063	0.77625960
0.588137	0.77484760
0.588210	0.77343600
0.588284	0.77202260
0.588358	0.77060760
0.588431	0.76919300
0.588505	0.76777880
0.588579	0.76635550
0.588653	0.76493200
0.588727	0.76351400
0.588800	0.76209580
0.588874	0.76067580
0.588948	0.75925570
0.589021	0.75942420
0.589095	0.76347390
0.589169	0.76752860
0.589243	0.77160230
0.589317	0.77567770
0.589391	0.77973670
0.589465	0.78380130
0.589538	0.78787020
0.589612	0.79193900
0.589686	0.79601080
0.589760	0.80008770
0.589834	0.80416620
0.589908	0.80826500
0.589982	0.81236840
0.590056	0.81144750
0.590130	0.80890670
0.590204	0.80636310
0.590277	0.80382120
0.590351	0.80127780
0.590425	0.79873320
0.590499	0.79618570
0.590573	0.79362770
0.590648	0.79106730
0.590722	0.78851690
0.590795	0.78596340
0.590869	0.78341290
0.590943	0.78085910
0.591017	0.77954280
0.591091	0.78226370
0.591165	0.78498630
0.591240	0.78772210
0.591314	0.79045990
0.591388	0.79318660
0.591462	0.79591640
0.591536	0.79864590
0.591610	0.80137570
0.591684	0.80410950
0.591758	0.80684430
0.591832	0.80957950
0.591907	0.81232890
0.591981	0.81507960
0.592055	0.81485260
0.592129	0.81361170
0.592203	0.81237010
0.592278	0.81112830
0.592352	0.80988420
0.592426	0.80864020
0.592500	0.80739600
0.592575	0.80614400
0.592649	0.80489270
0.592723	0.80364540
0.592797	0.80239820
0.592872	0.80114840
0.592946	0.79989920
0.593020	0.79850520
0.593094	0.79671890
0.593169	0.79493320
0.593243	0.79313700
0.593318	0.79134100
0.593392	0.78955070
0.593466	0.78776140
0.593540	0.78596920
0.593615	0.78417690
0.593689	0.78238370
0.593763	0.78058940
0.593838	0.77879360
0.593912	0.77698810
0.593987	0.77519000
0.594061	0.77239930
0.594136	0.76940730
0.594210	0.76641440
0.594285	0.76341810
0.594359	0.76042280
0.594433	0.75742360
0.594508	0.75442320
0.594582	0.75140740
0.594657	0.74840490
0.594732	0.74538710
0.594806	0.74237890
0.594881	0.73937190
0.594955	0.73636170
0.595030	0.73611880
0.595104	0.74009180
0.595178	0.74406940
0.595253	0.74806450
0.595328	0.75204660
0.595403	0.75604990
0.595477	0.76003680
0.595552	0.76402700
0.595626	0.76801920
0.595701	0.77201470
0.595775	0.77601210
0.595850	0.78001260
0.595925	0.78403300
0.595999	0.78803920
0.596074	0.78681600
0.596149	0.78556290
0.596224	0.78430930
0.596298	0.78305450
0.596373	0.78179870
0.596448	0.78054220
0.596522	0.77928480
0.596597	0.77801990
0.596672	0.77676130
0.596747	0.77549530
0.596822	0.77423430
0.596896	0.77297230
0.596971	0.77170930
0.597046	0.77175750
0.597121	0.77263480
0.597195	0.77351170
0.597270	0.77439300
0.597345	0.77527120
0.597420	0.77615460
0.597495	0.77703370
0.597570	0.77791370
0.597645	0.77879380
0.597719	0.77967470
0.597794	0.78055560
0.597869	0.78143820
0.597944	0.78232540
0.598019	0.78297770
0.598094	0.78295480
0.598169	0.78293390
0.598244	0.78291230
0.598319	0.78289030
0.598394	0.78286880
0.598469	0.78284580
0.598544	0.78282260
0.598619	0.78279940
0.598694	0.78277700
0.598769	0.78275560
0.598844	0.78273250
0.598919	0.78270880
0.598994	0.78268590
0.599069	0.78253920
0.599144	0.78238130
0.599219	0.78222360
0.599294	0.78206610
0.599369	0.78190640
0.599445	0.78174720
0.599520	0.78158960
0.599595	0.78143010
0.599670	0.78127090
0.599745	0.78111200
0.599820	0.78095310
0.599895	0.78079290
0.599970	0.78063310
0.600045	0.78109530
0.600121	0.78196640
0.600196	0.78283490
0.600271	0.78370380
0.600346	0.78457270
0.600422	0.78544190
0.600497	0.78631110
0.600572	0.78718080
0.600647	0.78805590
0.600723	0.78892670
0.600798	0.78980260
0.600873	0.79067330
0.600948	0.79154610
0.601024	0.79227100
0.601099	0.79267280
0.601174	0.79307370
0.601249	0.79347580
0.601325	0.79388030
0.601400	0.79428320
0.601476	0.79468700
0.601551	0.79509020
0.601627	0.79549370
0.601702	0.79589700
0.601777	0.79629930
0.601852	0.79670220
0.601928	0.79710570
0.602003	0.79751380
0.602079	0.79796730
0.602154	0.79842350
0.602230	0.79887790
0.602305	0.79933200
0.602381	0.79978550
0.602456	0.80023960
0.602531	0.80069440
0.602607	0.80114990
0.602683	0.80160730
0.602758	0.80206340
0.602834	0.80252100
0.602909	0.80297620
0.602985	0.80343360
0.603060	0.80381810
0.603136	0.80418510
0.603211	0.80455300
0.603287	0.80492010
0.603363	0.80528940
0.603438	0.80565700
0.603514	0.80602580
0.603590	0.80639310
0.603665	0.80676210
0.603741	0.80713000
0.603816	0.80749760
0.603892	0.80786800
0.603967	0.80823660
0.604043	0.80937600
0.604119	0.81108960
0.604195	0.81281280
0.604270	0.81452800
0.604346	0.81624340
0.604422	0.81796070
0.604498	0.81967760
0.604573	0.82139750
0.604649	0.82311730
0.604725	0.82484410
0.604801	0.82656450
0.604877	0.82829490
0.604952	0.83001810
0.605028	0.83098370
0.605104	0.83065960
0.605180	0.83033680
0.605255	0.83001370
0.605331	0.82968990
0.605407	0.82936390
0.605483	0.82904160
0.605559	0.82871520
0.605635	0.82838960
0.605711	0.82806450
0.605786	0.82773870
0.605862	0.82741370
0.605938	0.82708730
0.606014	0.82666210
0.606090	0.82579740
0.606166	0.82493320
0.606242	0.82406570
0.606318	0.82320260
0.606394	0.82233690
0.606470	0.82147110
0.606546	0.82060590
0.606622	0.81973870
0.606698	0.81887020
0.606774	0.81799980
0.606850	0.81713150
0.606926	0.81625800
0.607002	0.81538820
0.607078	0.81452770
0.607154	0.81366640
0.607230	0.81280390
0.607306	0.81194250
0.607382	0.81107810
0.607459	0.81021170
0.607535	0.80934850
0.607611	0.80847920
0.607687	0.80761390
0.607763	0.80674850
0.607839	0.80588250
0.607915	0.80501590
0.607991	0.80414820
0.608067	0.80568390
0.608144	0.80753760
0.608220	0.80938400
0.608297	0.81124010
0.608373	0.81308860
0.608449	0.81493820
0.608525	0.81679040
0.608601	0.81864280
0.608677	0.82049420
0.608753	0.82235050
0.608830	0.82421500
0.608906	0.82607090
0.608983	0.82793680
0.609059	0.82927940
0.609135	0.83046750
0.609211	0.83166800
0.609288	0.83286180
0.609364	0.83405840
0.609440	0.83525450
0.609517	0.83645570
0.609593	0.83765310
0.609670	0.83885670
0.609746	0.84005470
0.609822	0.84124790
0.609899	0.84245370
0.609975	0.84365430
0.610052	0.84332720
0.610128	0.84226500
0.610205	0.84120030
0.610281	0.84013650
0.610358	0.83906870
0.610434	0.83800410
0.610510	0.83694330
0.610587	0.83587220
0.610663	0.83480660
0.610740	0.83373900
0.610816	0.83267140
0.610893	0.83159850
0.610969	0.83052950
0.611046	0.83092960
0.611123	0.83229430
0.611199	0.83365220
0.611276	0.83502300
0.611352	0.83639000
0.611429	0.83775640
0.611505	0.83912360
0.611582	0.84049890
0.611659	0.84186750
0.611736	0.84324330
0.611812	0.84461650
0.611889	0.84598090
0.611965	0.84736030
0.612042	0.84804340
0.612119	0.84816110
0.612195	0.84827860
0.612272	0.84839750
0.612349	0.84851590
0.612426	0.84863440
0.612503	0.84875230
0.612579	0.84886930
0.612656	0.84898740
0.612733	0.84910590
0.612809	0.84922460
0.612886	0.84934130
0.612963	0.84946010
0.613040	0.84964980
0.613117	0.84990650
0.613194	0.85016240
0.613270	0.85041650
0.613347	0.85067400
0.613424	0.85093080
0.613501	0.85118620
0.613577	0.85144250
0.613655	0.85170050
0.613731	0.85195670
0.613809	0.85221380
0.613885	0.85247090
0.613962	0.85272660
0.614039	0.85300590
0.614116	0.85330480
0.614193	0.85360340
0.614270	0.85390220
0.614347	0.85420240
0.614424	0.85450140
0.614501	0.85480130
0.614578	0.85510040
0.614655	0.85539830
0.614732	0.85569870
0.614809	0.85599830
0.614886	0.85629940
0.614963	0.85659840
0.615040	0.85601500
0.615117	0.85461820
0.615194	0.85321440
0.615272	0.85181530
0.615348	0.85042230
0.615426	0.84901560
0.615503	0.84761400
0.615580	0.84621160
0.615657	0.84480920
0.615734	0.84339970
0.615811	0.84199560
0.615889	0.84058450
0.615966	0.83917880
0.616042	0.83673510
0.616120	0.83341680
0.616197	0.83010970
0.616274	0.82680310
0.616351	0.82349290
0.616429	0.82016550
0.616506	0.81685070
0.616583	0.81351750
0.616661	0.81019840
0.616738	0.80689010
0.616815	0.80355050
0.616892	0.80022160
0.616969	0.79689370
0.617047	0.79425330
0.617124	0.79205450
0.617202	0.78986390
0.617279	0.78766280
0.617356	0.78546990
0.617433	0.78328420
0.617511	0.78107790
0.617588	0.77887920
0.617665	0.77668080
0.617743	0.77448070
0.617820	0.77226790
0.617898	0.77006390
0.617976	0.76784860
0.618053	0.76594670
0.618130	0.76419170
0.618208	0.76242190
0.618285	0.76065750
0.618362	0.75889170
0.618440	0.75712520
0.618518	0.75534960
0.618595	0.75358280
0.618673	0.75180450
0.618750	0.75003280
0.618827	0.74826790
0.618905	0.74648520
0.618983	0.74471150
0.619060	0.74403880
0.619138	0.74368610
0.619215	0.74333200
0.619293	0.74297900
0.619371	0.74262380
0.619448	0.74226940
0.619526	0.74191630
0.619603	0.74156030
0.619681	0.74120640
0.619759	0.74085140
0.619836	0.74049540
0.619914	0.74013710
0.619992	0.73978090
0.620070	0.73911970
0.620147	0.73842570
0.620224	0.73773360
0.620302	0.73703510
0.620380	0.73633890
0.620458	0.73564270
0.620535	0.73494600
0.620613	0.73424530
0.620691	0.73354700
0.620769	0.73284620
0.620847	0.73214760
0.620924	0.73145210
0.621002	0.73081350
0.621080	0.73227640
0.621158	0.73373780
0.621235	0.73520080
0.621314	0.73667050
0.621391	0.73813270
0.621469	0.73960390
0.621547	0.74106920
0.621625	0.74252760
0.621703	0.74399980
0.621781	0.74546780
0.621859	0.74693560
0.621936	0.74840320
0.622015	0.75042280
0.622093	0.75480260
0.622171	0.75920290
0.622249	0.76358720
0.622326	0.76795390
0.622404	0.77235940
0.622482	0.77675290
0.622560	0.78114780
0.622638	0.78554500
0.622716	0.78996330
0.622794	0.79436480
0.622873	0.79878890
0.622951	0.80319650
0.623028	0.80656160
0.623107	0.80815060
0.623185	0.80973270
0.623263	0.81131530
0.623341	0.81289870
0.623419	0.81449020
0.623497	0.81607520
0.623575	0.81766690
0.623653	0.81924670
0.623731	0.82083380
0.623810	0.82242840
0.623888	0.82401770
0.623966	0.82560520
0.624044	0.82785570
0.624122	0.83063560
0.624201	0.83340450
0.624279	0.83618550
0.624357	0.83894280
0.624435	0.84171570
0.624513	0.84450090
0.624592	0.84727640
0.624670	0.85005450
0.624748	0.85283250
0.624827	0.85562510
0.624905	0.85840390
0.624983	0.86120210
0.625061	0.86183580
0.625139	0.86188630
0.625218	0.86193760
0.625296	0.86199020
0.625375	0.86203970
0.625453	0.86209030
0.625531	0.86214210
0.625610	0.86219390
0.625688	0.86224370
0.625766	0.86229340
0.625845	0.86234360
0.625923	0.86239440
0.626002	0.86245690
0.626080	0.86307350
0.626159	0.86368890
0.626237	0.86430610
0.626316	0.86492160
0.626394	0.86554160
0.626472	0.86615330
0.626551	0.86676980
0.626630	0.86738990
0.626708	0.86800700
0.626786	0.86862400
0.626865	0.86924280
0.626944	0.86986370
0.627022	0.87063010
0.627101	0.87177940
0.627179	0.87291830
0.627258	0.87406400
0.627337	0.87521610
0.627415	0.87636270
0.627494	0.87751040
0.627572	0.87865730
0.627651	0.87981180
0.627730	0.88096200
0.627809	0.88211740
0.627887	0.88326280
0.627965	0.88441430
0.628044	0.88370740
0.628123	0.88155650
0.628202	0.87940500
0.628280	0.87725290
0.628359	0.87508980
0.628438	0.87293480
0.628517	0.87076870
0.628595	0.86862130
0.628674	0.86646300
0.628753	0.86429490
0.628832	0.86213380
0.628910	0.85997460
0.628989	0.85781100
0.629068	0.85829490
0.629147	0.85920050
0.629226	0.86011050
0.629304	0.86101290
0.629383	0.86191990
0.629462	0.86283120
0.629541	0.86373800
0.629620	0.86464560
0.629699	0.86555350
0.629778	0.86646660
0.629857	0.86737580
0.629936	0.86829000
0.630015	0.86874220
0.630093	0.86716980
0.630173	0.86559220
0.630251	0.86401990
0.630330	0.86244770
0.630409	0.86087340
0.630488	0.85929320
0.630567	0.85771560
0.630647	0.85613250
0.630725	0.85456220
0.630804	0.85298430
0.630884	0.85139840
0.630962	0.84981940
0.631041	0.84931460
0.631120	0.84978420
0.631200	0.85025570
0.631279	0.85072550
0.631358	0.85119740
0.631437	0.85166560
0.631516	0.85213630
0.631595	0.85261060
0.631674	0.85308040
0.631753	0.85355200
0.631832	0.85402440
0.631912	0.85449760
0.631991	0.85496840
0.632070	0.85445470
0.632149	0.85382030
0.632228	0.85318330
0.632308	0.85254350
0.632387	0.85190470
0.632466	0.85126590
0.632545	0.85062650
0.632625	0.84998410
0.632704	0.84934460
0.632784	0.84870040
0.632862	0.84806210
0.632942	0.84742010
0.633021	0.84736480
0.633101	0.84891850
0.633180	0.85047210
0.633259	0.85202750
0.633339	0.85359010
0.633418	0.85514820
0.633498	0.85671250
0.633577	0.85826370
0.633656	0.85982350
0.633735	0.86139000
0.633815	0.86295160
0.633894	0.86451340
0.633973	0.86607710
0.634053	0.86598150
0.634133	0.86505810
0.634212	0.86413130
0.634291	0.86321320
0.634371	0.86229040
0.634451	0.86136160
0.634530	0.86043690
0.634609	0.85951210
0.634689	0.85858750
0.634769	0.85765790
0.634848	0.85673180
0.634928	0.85580140
0.635007	0.85549580
0.635086	0.86163410
0.635166	0.86780460
0.635246	0.87394790
0.635325	0.88009450
0.635405	0.88624740
0.635485	0.89243040
0.635564	0.89858930
0.635644	0.90478090
0.635723	0.91091780
0.635803	0.91708610
0.635883	0.92328750
0.635962	0.92946350
0.636042	0.92886820
0.636122	0.92223190
0.636202	0.91556430
0.636281	0.90892440
0.636361	0.90225220
0.636441	0.89563390
0.636520	0.88898090
0.636600	0.88229750
0.636680	0.87563990
0.636760	0.86897900
0.636839	0.86231580
0.636919	0.85561810
0.636999	0.84894590
0.637079	0.85145890
0.637159	0.85404310
0.637239	0.85664080
0.637319	0.85924830
0.637398	0.86184830
0.637478	0.86445040
0.637558	0.86705380
0.637638	0.86967090
0.637718	0.87227700
0.637797	0.87487270
0.637878	0.87749630
0.637957	0.88010750
0.638038	0.87839010
0.638118	0.87177850
0.638197	0.86516430
0.638277	0.85854670
0.638357	0.85192680
0.638437	0.84527090
0.638517	0.83866750
0.638597	0.83200400
0.638677	0.82536750
0.638757	0.81869860
0.638838	0.81205090
0.638917	0.80540430
0.638997	0.79874840
0.639077	0.80063160
0.639158	0.80281660
0.639237	0.80498290
0.639318	0.80717040
0.639398	0.80934720
0.639478	0.81153560
0.639558	0.81371490
0.639638	0.81589500
0.639718	0.81807720
0.639798	0.82026100
0.639879	0.82245420
0.639959	0.82463000
0.640039	0.82460150
0.640119	0.82222430
0.640200	0.81983520
0.640280	0.81745620
0.640360	0.81507610
0.640440	0.81269320
0.640520	0.81030950
0.640601	0.80791470
0.640681	0.80554050
0.640761	0.80314490
0.640841	0.80075480
0.640922	0.79835300
0.641002	0.79614100
0.641082	0.80043570
0.641163	0.80473000
0.641243	0.80902940
0.641323	0.81334910
0.641403	0.81763370
0.641484	0.82195790
0.641564	0.82626650
0.641645	0.83059630
0.641725	0.83490790
0.641806	0.83922610
0.641886	0.84354310
0.641966	0.84786230
0.642047	0.84801800
0.642127	0.84520490
0.642208	0.84236610
0.642288	0.83953850
0.642369	0.83669730
0.642449	0.83386950
0.642530	0.83103800
0.642610	0.82820260
0.642691	0.82537110
0.642772	0.82252440
0.642852	0.81970300
0.642932	0.81685300
0.643013	0.81557830
0.643094	0.82252330
0.643174	0.82944620
0.643255	0.83637100
0.643335	0.84329880
0.643416	0.85022940
0.643497	0.85719370
0.643577	0.86409790
0.643658	0.87106790
0.643738	0.87801000
0.643819	0.88498800
0.643900	0.89193530
0.643981	0.89888900
0.644061	0.89862790
0.644142	0.89605800
0.644223	0.89347490
0.644303	0.89091550
0.644384	0.88833180
0.644465	0.88575610
0.644546	0.88317000
0.644626	0.88059280
0.644707	0.87801460
0.644788	0.87543300
0.644869	0.87285290
0.644949	0.87026090
0.645030	0.87108300
0.645111	0.87769770
0.645192	0.88428940
0.645273	0.89091100
0.645354	0.89750910
0.645434	0.90410690
0.645515	0.91071210
0.645596	0.91731360
0.645677	0.92395520
0.645758	0.93053920
0.645839	0.93718170
0.645920	0.94380230
0.646001	0.95032850
0.646082	0.94563030
0.646163	0.94092810
0.646244	0.93622790
0.646324	0.93152400
0.646406	0.92679900
0.646486	0.92211240
0.646568	0.91738540
0.646648	0.91267510
0.646730	0.90794390
0.646811	0.90323090
0.646892	0.89851820
0.646973	0.89380420
0.647054	0.89550160
0.647135	0.90049930
0.647216	0.90545730
0.647297	0.91045690
0.647378	0.91544160
0.647459	0.92044760
0.647540	0.92543660
0.647622	0.93042720
0.647703	0.93542230
0.647784	0.94041690
0.647865	0.94543660
0.647946	0.95041730
0.648027	0.95185330
0.648108	0.94619210
0.648190	0.94050420
0.648271	0.93483680
0.648352	0.92917110
0.648433	0.92349820
0.648515	0.91782830
0.648596	0.91212850
0.648677	0.90647960
0.648758	0.90077780
0.648840	0.89509560
0.648921	0.88939220
0.649002	0.88398400
0.649084	0.88756160
0.649165	0.89113980
0.649246	0.89471800
0.649328	0.89831260
0.649409	0.90188240
0.649490	0.90548090
0.649572	0.90906680
0.649653	0.91266820
0.649735	0.91625710
0.649816	0.91984520
0.649897	0.92343850
0.649979	0.92703080
0.650060	0.92297690
0.650141	0.91627310
0.650223	0.90950440
0.650305	0.90276150
0.650386	0.89598910
0.650468	0.88923700
0.650549	0.88248620
0.650631	0.87572960
0.650712	0.86897010
0.650794	0.86217820
0.650875	0.85543750
0.650957	0.84864060
0.651038	0.84599220
0.651120	0.84802260
0.651202	0.85004450
0.651283	0.85206670
0.651365	0.85409030
0.651446	0.85611500
0.651528	0.85814880
0.651609	0.86016500
0.651691	0.86219180
0.651773	0.86422720
0.651855	0.86626520
0.651936	0.86829450
0.652018	0.86907870
0.652099	0.86544000
0.652181	0.86179790
0.652263	0.85814000
0.652344	0.85451140
0.652426	0.85086440
0.652508	0.84720480
0.652590	0.84353950
0.652672	0.83989310
0.652754	0.83624190
0.652835	0.83259180
0.652917	0.82893920
0.652999	0.82528900
0.653080	0.83034440
0.653162	0.83554710
0.653244	0.84076990
0.653326	0.84599690
0.653408	0.85120370
0.653490	0.85641160
0.653572	0.86162340
0.653654	0.86683490
0.653735	0.87205090
0.653817	0.87726760
0.653899	0.88248610
0.653981	0.88772950
0.654064	0.88557950
0.654145	0.88127230
0.654227	0.87696270
0.654309	0.87265100
0.654391	0.86833270
0.654473	0.86401690
0.654555	0.85969470
0.654637	0.85537030
0.654719	0.85102330
0.654802	0.84667680
0.654883	0.84234300
0.654965	0.83800500
0.655047	0.83988050
0.655129	0.84628840
0.655211	0.85269930
0.655293	0.85910890
0.655375	0.86552430
0.655458	0.87197110
0.655540	0.87841840
0.655622	0.88483650
0.655704	0.89126200
0.655786	0.89768580
0.655869	0.90411300
0.655951	0.91054080
0.656033	0.91302020
0.656115	0.90954320
0.656197	0.90604790
0.656280	0.90255160
0.656362	0.89906970
0.656444	0.89558400
0.656526	0.89209710
0.656609	0.88860840
0.656691	0.88511720
0.656773	0.88162500
0.656855	0.87812950
0.656938	0.87461890
0.657020	0.87262720
0.657102	0.87529110
0.657185	0.87795420
0.657267	0.88061960
0.657349	0.88328640
0.657432	0.88595560
0.657514	0.88862450
0.657596	0.89129370
0.657679	0.89397600
0.657762	0.89665760
0.657844	0.89932950
0.657926	0.90200350
0.658009	0.90412500
0.658091	0.90154020
0.658173	0.89894970
0.658256	0.89635840
0.658338	0.89376850
0.658421	0.89116510
0.658504	0.88855850
0.658586	0.88596380
0.658669	0.88336700
0.658751	0.88076890
0.658833	0.87817190
0.658916	0.87557210
0.658998	0.87296950
0.659081	0.87387640
0.659164	0.87485440
0.659247	0.87583250
0.659329	0.87680770
0.659412	0.87778310
0.659494	0.87875960
0.659577	0.87973750
0.659659	0.88071270
0.659742	0.88168900
0.659824	0.88266670
0.659907	0.88364830
0.659990	0.88462910
0.660073	0.88102670
0.660156	0.87682240
0.660238	0.87261390
0.660321	0.86840590
0.660404	0.86419320
0.660486	0.85997970
0.660569	0.85576430
0.660652	0.85152870
0.660735	0.84729020
0.660818	0.84306670
0.660901	0.83884310
0.660983	0.83461770
0.661066	0.83647970
0.661149	0.83989150
0.661231	0.84330680
0.661314	0.84672290
0.661397	0.85015400
0.661481	0.85358820
0.661563	0.85700980
0.661646	0.86043110
0.661729	0.86385190
0.661812	0.86727380
0.661895	0.87069960
0.661977	0.87412600
0.662060	0.87546030
0.662144	0.87601720
0.662227	0.87657450
0.662310	0.87712920
0.662393	0.87768500
0.662476	0.87824090
0.662559	0.87879660
0.662641	0.87935210
0.662724	0.87990880
0.662807	0.88046410
0.662891	0.88102340
0.662974	0.88158210
0.663057	0.88159600
0.663140	0.88136150
0.663223	0.88112660
0.663306	0.88088950
0.663389	0.88065570
0.663472	0.88042020
0.663555	0.88018470
0.663639	0.87994820
0.663722	0.87971130
0.663805	0.87947590
0.663888	0.87924030
0.663971	0.87900450
0.664055	0.88276840
0.664138	0.88858310
0.664221	0.89442320
0.664304	0.90026890
0.664387	0.90614440
0.664471	0.91201870
0.664554	0.91787320
0.664637	0.92372540
0.664720	0.92958250
0.664804	0.93546970
0.664887	0.94130660
0.664970	0.94716950
0.665053	0.94679050
0.665137	0.94287910
0.665220	0.93896370
0.665304	0.93506680
0.665387	0.93116780
0.665470	0.92726940
0.665554	0.92334880
0.665637	0.91946170
0.665720	0.91555790
0.665804	0.91165240
0.665887	0.90772820
0.665971	0.90380180
0.666054	0.90679940
0.666138	0.91347530
0.666221	0.92015820
0.666305	0.92687070
0.666388	0.93353120
0.666471	0.94022190
0.666555	0.94691930
0.666639	0.95364750
0.666722	0.96038160
0.666806	0.96708710
0.666889	0.97379400
0.666973	0.98050970
0.667057	0.97962460
0.667140	0.97511190
0.667223	0.97058070
0.667307	0.96604640
0.667391	0.96149200
0.667475	0.95693700
0.667558	0.95240060
0.667642	0.94786060
0.667725	0.94332180
0.667809	0.93875900
0.667893	0.93423770
0.667976	0.92969610
0.668060	0.93274250
0.668144	0.93885750
0.668228	0.94497540
0.668311	0.95107090
0.668395	0.95716920
0.668479	0.96327230
0.668562	0.96937810
0.668646	0.97548640
0.668730	0.98159650
0.668813	0.98770910
0.668898	0.99385340
0.668982	1.00000000
0.669065	0.99575460
0.669149	0.98858230
0.669233	0.98141220
0.669317	0.97423550
0.669400	0.96705610
0.669484	0.95987590
0.669568	0.95269360
0.669652	0.94547610
0.669736	0.93825700
0.669820	0.93106490
0.669904	0.92386800
0.669988	0.91666710
0.670072	0.91799170
0.670156	0.92074970
0.670240	0.92350840
0.670323	0.92626780
0.670408	0.92904000
0.670492	0.93181350
0.670576	0.93457720
0.670660	0.93734020
0.670744	0.94010580
0.670828	0.94287140
0.670912	0.94563700
0.670996	0.94840480
0.671080	0.94485840
0.671164	0.94095610
0.671248	0.93705370
0.671332	0.93316490
0.671417	0.92927330
0.671501	0.92538230
0.671585	0.92148690
0.671669	0.91758810
0.671753	0.91368740
0.671837	0.90978560
0.671921	0.90586360
0.672006	0.90225570
0.672090	0.90291110
0.672174	0.90356630
0.672258	0.90422110
0.672342	0.90487600
0.672427	0.90553080
0.672511	0.90618680
0.672595	0.90684380
0.672679	0.90750360
0.672764	0.90816240
0.672848	0.90881960
0.672932	0.90947750
0.673017	0.90951090
0.673101	0.90701070
0.673185	0.90451270
0.673269	0.90201220
0.673354	0.89951210
0.673438	0.89699910
0.673523	0.89448530
0.673607	0.89198280
0.673692	0.88947910
0.673776	0.88697500
0.673860	0.88446860
0.673945	0.88196340
0.674029	0.88192190
0.674113	0.88657410
0.674198	0.89124410
0.674283	0.89591820
0.674367	0.90057770
0.674452	0.90523670
0.674536	0.90989560
0.674621	0.91455670
0.674705	0.91921830
0.674790	0.92388600
0.674874	0.92855190
0.674959	0.93324090
0.675044	0.93333300
0.675128	0.92911110
0.675213	0.92488450
0.675297	0.92065540
0.675382	0.91642600
0.675466	0.91219310
0.675551	0.90795690
0.675635	0.90371930
0.675720	0.89946190
0.675805	0.89520200
0.675890	0.89095640
0.675974	0.88670840
0.676059	0.88486160
0.676144	0.88404730
0.676228	0.88323170
0.676313	0.88241810
0.676398	0.88160310
0.676483	0.88078440
0.676568	0.87996630
0.676652	0.87915130
0.676737	0.87833550
0.676822	0.87751950
0.676907	0.87670270
0.676991	0.87588780
0.677076	0.88432930
0.677161	0.89382760
0.677246	0.90337840
0.677331	0.91293090
0.677416	0.92244160
0.677501	0.93196330
0.677585	0.94148500
0.677670	0.95101200
0.677755	0.96054030
0.677840	0.97007090
0.677925	0.97961110
0.678010	0.98708170
0.678095	0.97873530
0.678180	0.97041650
0.678265	0.96209870
0.678350	0.95377350
0.678435	0.94544650
0.678520	0.93711730
0.678605	0.92877940
0.678690	0.92044620
0.678775	0.91206500
0.678860	0.90368230
0.678945	0.89533570
0.679030	0.89234700
0.679115	0.89904500
0.679200	0.90574370
0.679285	0.91244270
0.679370	0.91914800
0.679455	0.92585050
0.679541	0.93258900
0.679626	0.93932850
0.679711	0.94603810
0.679796	0.95274950
0.679881	0.95946730
0.679967	0.96618450
0.680052	0.96518710
0.680137	0.95920180
0.680222	0.95321850
0.680307	0.94720270
0.680393	0.94119210
0.680478	0.93519790
0.680563	0.92920640
0.680649	0.92321110
0.680734	0.91721510
0.680819	0.91121690
0.680904	0.90521830
0.680990	0.89921480
0.681075	0.89945600
0.681161	0.90057800
0.681246	0.90169480
0.681331	0.90281250
0.681416	0.90393160
0.681502	0.90504980
0.681587	0.90616820
0.681672	0.90728750
0.681758	0.90840620
0.681844	0.90952940
0.681929	0.91065520
0.682015	0.91106260
0.682100	0.90799380
0.682185	0.90492430
0.682271	0.90185340
0.682356	0.89878200
0.682441	0.89570950
0.682527	0.89263410
0.682613	0.88954600
0.682699	0.88645370
0.682784	0.88337630
0.682869	0.88029820
0.682955	0.87721700
0.683040	0.87788720
0.683126	0.88273240
0.683211	0.88758020
0.683297	0.89242890
0.683383	0.89730340
0.683469	0.90217560
0.683554	0.90703030
0.683640	0.91188880
0.683726	0.91674600
0.683811	0.92160650
0.683897	0.92646690
0.683982	0.93133140
0.684068	0.92889240
0.684154	0.92452890
0.684240	0.92016230
0.684326	0.91581560
0.684411	0.91146930
0.684497	0.90711880
0.684583	0.90277010
0.684668	0.89841870
0.684754	0.89406810
0.684840	0.88971850
0.684926	0.88534500
0.685012	0.88236820
0.685098	0.88806060
0.685183	0.89375380
0.685269	0.89945170
0.685355	0.90515170
0.685441	0.91085180
0.685527	0.91655240
0.685612	0.92225460
0.685699	0.92798820
0.685785	0.93371900
0.685871	0.93942870
0.685956	0.94514340
0.686042	0.94630540
0.686128	0.94278890
0.686214	0.93927080
0.686300	0.93575180
0.686386	0.93223260
0.686472	0.92869340
0.686559	0.92515430
0.686644	0.92162840
0.686730	0.91810240
0.686816	0.91457180
0.686902	0.91104070
0.686988	0.90750830
0.687074	0.91053660
0.687160	0.91459440
0.687247	0.91867190
0.687333	0.92275370
0.687419	0.92681790
0.687505	0.93088130
0.687591	0.93495030
0.687677	0.93901570
0.687763	0.94308490
0.687849	0.94715580
0.687936	0.95122500
0.688022	0.95286430
0.688109	0.94734720
0.688195	0.94185200
0.688281	0.93635660
0.688367	0.93085570
0.688453	0.92535730
0.688539	0.91985460
0.688626	0.91435010
0.688712	0.90884090
0.688798	0.90330730
0.688885	0.89777350
0.688971	0.89226160
0.689057	0.89156810
0.689144	0.89329680
0.689230	0.89502680
0.689316	0.89675780
0.689402	0.89848800
0.689489	0.90021800
0.689576	0.90195780
0.689662	0.90369790
0.689748	0.90542980
0.689835	0.90716130
0.689921	0.90889560
0.690007	0.90985600
0.690094	0.90271560
0.690180	0.89557200
0.690267	0.88842360
0.690353	0.88124530
0.690440	0.87406200
0.690527	0.86690980
0.690613	0.85975500
0.690700	0.85260120
0.690786	0.84544120
0.690873	0.83827970
0.690959	0.83111710
0.691045	0.82909390
0.691132	0.83172220
0.691219	0.83434890
0.691306	0.83696760
0.691392	0.83958740
0.691479	0.84220740
0.691565	0.84482880
0.691652	0.84745290
0.691739	0.85007780
0.691825	0.85270450
0.691912	0.85534150
0.691999	0.85798190
0.692086	0.85186190
0.692172	0.84565100
0.692259	0.83943890
0.692346	0.83322180
0.692432	0.82700300
0.692519	0.82078380
0.692606	0.81456460
0.692693	0.80831150
0.692780	0.80205980
0.692867	0.79583380
0.692953	0.78960560
0.693040	0.78896020
0.693127	0.79483780
0.693214	0.80071290
0.693300	0.80659370
0.693387	0.81247160
0.693474	0.81837650
0.693561	0.82428500
0.693648	0.83016700
0.693735	0.83604890
0.693822	0.84193440
0.693909	0.84781810
0.693996	0.85370490
0.694082	0.85060270
0.694169	0.84702330
0.694257	0.84342930
0.694344	0.83983210
0.694431	0.83624950
0.694518	0.83266560
0.694605	0.82908030
0.694692	0.82549320
0.694779	0.82190200
0.694866	0.81831220
0.694953	0.81472000
0.695040	0.81640080
0.695127	0.82435160
0.695214	0.83226990
0.695301	0.84019380
0.695388	0.84811130
0.695476	0.85603490
0.695562	0.86395660
0.695650	0.87187850
0.695737	0.87980140
0.695824	0.88775970
0.695912	0.89572120
0.695999	0.90364600
0.696086	0.90470250
0.696173	0.90565790
0.696260	0.90661420
0.696347	0.90756970
0.696435	0.90852550
0.696522	0.90948010
0.696609	0.91044000
0.696697	0.91140030
0.696784	0.91235450
0.696871	0.91331010
0.696958	0.91426610
0.697046	0.91680580
0.697133	0.92078600
0.697220	0.92476700
0.697307	0.92874920
0.697395	0.93275110
0.697483	0.93675050
0.697570	0.94073740
0.697657	0.94472400
0.697745	0.94870990
0.697832	0.95269920
0.697919	0.95668690
0.698007	0.96004860
0.698094	0.95602090
0.698182	0.95196930
0.698270	0.94791860
0.698357	0.94388040
0.698445	0.93984260
0.698532	0.93580210
0.698619	0.93175830
0.698707	0.92771280
0.698794	0.92366710
0.698882	0.91961560
0.698970	0.91554750
0.699058	0.91645600
0.699145	0.91997060
0.699233	0.92348470
0.699320	0.92700130
0.699408	0.93052030
0.699495	0.93403790
0.699583	0.93755710
0.699670	0.94107570
0.699758	0.94461300
0.699846	0.94815120
0.699934	0.95167420
0.700021	0.95356760
0.700109	0.95037090
0.700197	0.94719000
0.700284	0.94400730
0.700372	0.94082460
0.700460	0.93764100
0.700548	0.93444090
0.700636	0.93124300
0.700724	0.92805580
0.700811	0.92488460
0.700899	0.92168320
0.700987	0.91849700
0.701074	0.91957350
0.701162	0.92141400
0.701250	0.92325270
0.701338	0.92509820
0.701426	0.92694380
0.701514	0.92878190
0.701602	0.93061240
0.701690	0.93245830
0.701778	0.93429720
0.701865	0.93613670
0.701953	0.93797520
0.702041	0.93667370
0.702129	0.93178610
0.702218	0.92689600
0.702306	0.92202630
0.702393	0.91717660
0.702481	0.91228440
0.702569	0.90740970
0.702657	0.90253300
0.702745	0.89765450
0.702833	0.89277810
0.702922	0.88787510
0.703010	0.88414880
0.703098	0.88961170
0.703186	0.89505120
0.703274	0.90054300
0.703362	0.90601120
0.703450	0.91147980
0.703538	0.91694920
0.703626	0.92242240
0.703715	0.92791800
0.703803	0.93341740
0.703891	0.93889230
0.703979	0.94434280
0.704068	0.94215960
0.704156	0.93760010
0.704244	0.93304120
0.704332	0.92847870
0.704420	0.92391740
0.704509	0.91933380
0.704597	0.91474960
0.704685	0.91018620
0.704773	0.90563900
0.704862	0.90105230
0.704950	0.89648710
0.705038	0.89646460
0.705127	0.90236700
0.705215	0.90827270
0.705303	0.91420400
0.705392	0.92013550
0.705481	0.92604300
0.705568	0.93192650
0.705657	0.93785960
0.705745	0.94376970
0.705834	0.94968290
0.705922	0.95559390
0.706010	0.96019400
0.706099	0.95501790
0.706188	0.94983900
0.706276	0.94468620
0.706365	0.93955260
0.706453	0.93437730
0.706542	0.92922190
0.706630	0.92406340
0.706719	0.91890850
0.706807	0.91375050
0.706896	0.90856900
0.706985	0.90338870
0.707073	0.89326400
0.707161	0.88214800
0.707250	0.87093180
0.707339	0.85976270
0.707427	0.84859180
0.707516	0.83741380
0.707605	0.82623450
0.707694	0.81500320
0.707782	0.80377150
0.707871	0.79258640
0.707959	0.78144350
0.708048	0.76132240
0.708137	0.73381670
0.708226	0.70630750
0.708314	0.67877950
0.708403	0.65124700
0.708492	0.62359010
0.708581	0.59593010
0.708670	0.56837300
0.708758	0.54094800
0.708847	0.51326200
0.708936	0.48567890
0.709025	0.46094080
0.709113	0.44359660
0.709202	0.42626370
0.709291	0.40883690
0.709380	0.39142080
0.709469	0.37408280
0.709558	0.35681340
0.709647	0.33939270
0.709736	0.32204970
0.709824	0.30469840
0.709913	0.28734920
0.710002	0.27018350
0.710091	0.25999140
0.710181	0.24979920
0.710270	0.23964680
0.710358	0.22954450
0.710448	0.21934170
0.710536	0.20918950
0.710625	0.19903740
0.710714	0.18887980
0.710803	0.17872270
0.710893	0.16852110
0.710982	0.15831400
0.711071	0.15274360
0.711160	0.14835040
0.711249	0.14391800
0.711338	0.13950200
0.711427	0.13508800
0.711516	0.13067120
0.711605	0.12625380
0.711695	0.12181670
0.711784	0.11737640
0.711873	0.11295520
0.711962	0.10855280
0.712052	0.10509810
0.712141	0.10238240
0.712230	0.09966470
0.712319	0.09694660
0.712408	0.09422810
0.712498	0.09149710
0.712587	0.08876410
0.712676	0.08604400
0.712765	0.08333380
0.712855	0.08059790
0.712944	0.07787480
0.713033	0.07571030
0.713123	0.07448560
0.713212	0.07326090
0.713302	0.07203060
0.713391	0.07079960
0.713481	0.06957390
0.713569	0.06835350
0.713659	0.06712230
0.713748	0.06589580
0.713838	0.06467000
0.713927	0.06344330
0.714017	0.06220480
0.714106	0.06091250
0.714196	0.05961960
0.714285	0.05833220
0.714374	0.05705060
0.714464	0.05575750
0.714554	0.05446920
0.714643	0.05318100
0.714733	0.05189280
0.714822	0.05060460
0.714912	0.04931080
0.715002	0.04802200
0.715091	0.04674660
0.715181	0.04548240
0.715270	0.04420640
0.715360	0.04293680
0.715449	0.04166650
0.715539	0.04039640
0.715629	0.03912570
0.715719	0.03785020
0.715808	0.03657960
0.715898	0.03530350
0.715987	0.03403800
0.716077	0.03278420
0.716167	0.03153850
0.716257	0.03029250
0.716346	0.02904630
0.716436	0.02779990
0.716526	0.02654710
0.716616	0.02529950
0.716705	0.02405710
0.716795	0.02280360
0.716885	0.02154920
0.716975	0.02030000
0.717065	0.01931030
0.717155	0.01842070
0.717244	0.01753050
0.717335	0.01663690
0.717424	0.01574660
0.717514	0.01486020
0.717604	0.01396550
0.717694	0.01307070
0.717784	0.01218030
0.717874	0.01128890
0.717964	0.01039790
0.718053	0.00980230
0.718144	0.00940520
0.718234	0.00900980
0.718323	0.00861590
0.718414	0.00821870
0.718504	0.00782140
0.718594	0.00742570
0.718684	0.00702990
0.718774	0.00663420
0.718864	0.00623820
0.718954	0.00584040
0.719044	0.00556260
0.719134	0.00540870
0.719224	0.00525340
0.719315	0.00509800
0.719405	0.00494340
0.719495	0.00478870
0.719585	0.00463400
0.719675	0.00447930
0.719765	0.00432390
0.719855	0.00416900
0.719945	0.00401490
0.720035	0.00385940
0.720126	0.00370380
0.720216	0.00354880
0.720306	0.00339390
0.720397	0.00323890
0.720487	0.00308400
0.720577	0.00292820
0.720668	0.00277320
0.720757	0.00261890
0.720848	0.00246310
0.720939	0.00230730
0.721029	0.00218960
