# lambda (micron)    fractional filter transmission phi(lambda)
1.851167	0.00480000
1.850133	0.00506670
1.849133	0.00560000
1.848067	0.00553330
1.847067	0.00463330
1.846033	0.00716670
1.845033	0.00750000
1.844000	0.00636670
1.842967	0.00693330
1.841967	0.00856670
1.840933	0.01110000
1.839933	0.01313330
1.838900	0.01270000
1.837900	0.01446670
1.836867	0.01760000
1.835867	0.01693330
1.834867	0.01676670
1.833867	0.02086670
1.832833	0.02416670
1.831833	0.02900000
1.830833	0.02896670
1.829833	0.02870000
1.828833	0.03143330
1.827833	0.03330000
1.826833	0.03906670
1.825833	0.04060000
1.824833	0.04330000
1.823833	0.04476670
1.822833	0.04873330
1.821833	0.05560000
1.820833	0.05876670
1.819833	0.06603330
1.818833	0.07403330
1.817867	0.07940000
1.816867	0.08686670
1.815867	0.09570000
1.814900	0.10696670
1.813900	0.11450000
1.812900	0.12530000
1.811933	0.14136670
1.810933	0.15500000
1.809967	0.17023330
1.808967	0.19080000
1.808000	0.21080000
1.807000	0.23393330
1.806033	0.25983330
1.805067	0.28730000
1.804100	0.31760000
1.803100	0.35213330
1.802133	0.38313330
1.801167	0.41196670
1.800200	0.44843330
1.799200	0.48366670
1.798233	0.51653330
1.797267	0.54753330
1.796300	0.57833330
1.795333	0.60613330
1.794367	0.62606670
1.793400	0.64726670
1.792433	0.66616670
1.791500	0.67960000
1.790500	0.69140000
1.789533	0.69590000
1.788600	0.70166670
1.787600	0.70746670
1.786700	0.70983330
1.785700	0.71193330
1.784767	0.71613330
1.783800	0.71963330
1.782833	0.72390000
1.781900	0.72633330
1.780933	0.72396670
1.780000	0.72663330
1.779033	0.72780000
1.778100	0.72696670
1.777133	0.73066670
1.776200	0.73380000
1.775267	0.73603330
1.774300	0.73903330
1.773367	0.74216670
1.772400	0.74736670
1.771500	0.75320000
1.770533	0.75260000
1.769600	0.75283330
1.768667	0.75366670
1.767700	0.75710000
1.766800	0.75790000
1.765833	0.76490000
1.764900	0.76970000
1.764000	0.76603330
1.763033	0.76776670
1.762100	0.76526670
1.761200	0.76646670
1.760267	0.76516670
1.759300	0.76983330
1.758400	0.77396670
1.757500	0.76563330
1.756533	0.76083330
1.755600	0.76053330
1.754700	0.76286670
1.753800	0.76456670
1.752833	0.76526670
1.751900	0.76316670
1.751000	0.76330000
1.750100	0.76656670
1.749200	0.76886670
1.748267	0.76160000
1.747300	0.75933330
1.746400	0.76406670
1.745500	0.76926670
1.744600	0.76653330
1.743700	0.76483330
1.742800	0.76740000
1.741900	0.77266670
1.740933	0.77423330
1.740000	0.77623330
1.739100	0.77640000
1.738200	0.77846670
1.737300	0.77883330
1.736400	0.78113330
1.735500	0.78763330
1.734600	0.79176670
1.733700	0.79233330
1.732800	0.79406670
1.731900	0.79473330
1.731000	0.79386670
1.730100	0.80043330
1.729200	0.79796670
1.728300	0.79353330
1.727400	0.79743330
1.726500	0.80040000
1.725600	0.79820000
1.724700	0.79773330
1.723800	0.79673330
1.722933	0.79853330
1.722100	0.80406670
1.721200	0.80483330
1.720300	0.80620000
1.719400	0.80460000
1.718500	0.80436670
1.717600	0.80350000
1.716700	0.80020000
1.715867	0.80260000
1.715000	0.80130000
1.714100	0.80170000
1.713200	0.80560000
1.712300	0.80870000
1.711433	0.80546670
1.710600	0.80560000
1.709700	0.80920000
1.708800	0.80900000
1.707933	0.80973330
1.707100	0.81010000
1.706200	0.80446670
1.705300	0.80170000
1.704433	0.80416670
1.703600	0.80580000
1.702700	0.81240000
1.701800	0.81530000
1.701000	0.81313330
1.700100	0.81350000
1.699200	0.81746670
1.698400	0.81770000
1.697500	0.81593330
1.696633	0.82070000
1.695800	0.82210000
1.694900	0.81850000
1.694067	0.81776670
1.693200	0.81413330
1.692300	0.81076670
1.691500	0.81466670
1.690600	0.81736670
1.689767	0.81333330
1.688900	0.81263330
1.688033	0.81730000
1.687200	0.82456670
1.686333	0.82146670
1.685500	0.81833330
1.684633	0.81386670
1.683800	0.81143330
1.682933	0.81480000
1.682100	0.81263330
1.681233	0.80850000
1.680400	0.80966670
1.679533	0.81200000
1.678700	0.80996670
1.677867	0.80256670
1.677000	0.79906670
1.676167	0.80093330
1.675300	0.80440000
1.674500	0.80280000
1.673633	0.80486670
1.672800	0.80890000
1.671967	0.80963330
1.671100	0.80890000
1.670300	0.80696670
1.669433	0.80416670
1.668600	0.80656670
1.667800	0.80696670
1.666933	0.80850000
1.666100	0.80596670
1.665300	0.80710000
1.664433	0.81006670
1.663600	0.81200000
1.662800	0.81800000
1.661967	0.81776670
1.661133	0.81446670
1.660300	0.81796670
1.659500	0.82356670
1.658633	0.82126670
1.657833	0.82070000
1.657000	0.82433330
1.656200	0.82573330
1.655367	0.82370000
1.654533	0.82616670
1.653700	0.82883330
1.652900	0.83006670
1.652067	0.83160000
1.651267	0.83216670
1.650433	0.83100000
1.649600	0.83056670
1.648800	0.82876670
1.648000	0.82760000
1.647167	0.83126670
1.646367	0.83166670
1.645533	0.83326670
1.644733	0.83320000
1.643933	0.83166670
1.643100	0.82906670
1.642300	0.82636670
1.641500	0.83140000
1.640700	0.82950000
1.639900	0.82653330
1.639067	0.82490000
1.638267	0.82736670
1.637467	0.82840000
1.636667	0.82723330
1.635867	0.82630000
1.635067	0.82870000
1.634267	0.82390000
1.633467	0.82440000
1.632667	0.82706670
1.631867	0.82590000
1.631067	0.82590000
1.630267	0.82616670
1.629467	0.82453330
1.628667	0.82850000
1.627867	0.82736670
1.627067	0.82670000
1.626267	0.82906670
1.625500	0.82656670
1.624700	0.82693330
1.623900	0.82583330
1.623100	0.82376670
1.622333	0.82413330
1.621533	0.82526670
1.620733	0.82376670
1.619967	0.82283330
1.619167	0.82456670
1.618367	0.82550000
1.617600	0.82923330
1.616833	0.82606670
1.616033	0.82700000
1.615233	0.82810000
1.614467	0.82350000
1.613667	0.82183330
1.612900	0.82196670
1.612133	0.82673330
1.611333	0.82850000
1.610567	0.82640000
1.609767	0.82530000
1.609033	0.82860000
1.608233	0.83030000
1.607467	0.82436670
1.606667	0.82140000
1.605933	0.82120000
1.605133	0.82860000
1.604367	0.83063330
1.603567	0.82953330
1.602833	0.82420000
1.602067	0.81850000
1.601267	0.81766670
1.600533	0.82246670
1.599733	0.82673330
1.598967	0.81956670
1.598233	0.81720000
1.597433	0.81750000
1.596667	0.81856670
1.595933	0.81780000
1.595167	0.81666670
1.594367	0.81803330
1.593633	0.81706670
1.592867	0.81836670
1.592100	0.81756670
1.591333	0.81726670
1.590567	0.81793330
1.589833	0.81913330
1.589067	0.82033330
1.588333	0.81806670
1.587567	0.81796670
1.586767	0.81786670
1.586033	0.81763330
1.585267	0.81893330
1.584533	0.81916670
1.583767	0.81803330
1.583033	0.81933330
1.582267	0.81793330
1.581533	0.81846670
1.580767	0.82196670
1.580033	0.82543330
1.579267	0.82353330
1.578533	0.81893330
1.577767	0.81810000
1.577033	0.81970000
1.576267	0.82283330
1.575533	0.82093330
1.574833	0.82453330
1.574067	0.82886670
1.573333	0.82886670
1.572567	0.83083330
1.571833	0.83073330
1.571067	0.82503330
1.570367	0.82430000
1.569633	0.83063330
1.568867	0.82940000
1.568133	0.82523330
1.567400	0.82433330
1.566667	0.82476670
1.565933	0.82740000
1.565167	0.82653330
1.564467	0.82250000
1.563733	0.82056670
1.562967	0.82243330
1.562267	0.82760000
1.561533	0.83156670
1.560767	0.83373330
1.560067	0.83000000
1.559333	0.82596670
1.558600	0.82343330
1.557867	0.82736670
1.557133	0.83020000
1.556433	0.83026670
1.555700	0.82663330
1.554967	0.82450000
1.554233	0.82116670
1.553533	0.81573330
1.552800	0.81906670
1.552067	0.82293330
1.551333	0.81986670
1.550633	0.81616670
1.549900	0.81600000
1.549167	0.81813330
1.548467	0.81743330
1.547733	0.81896670
1.547033	0.82023330
1.546333	0.81360000
1.545600	0.81193330
1.544867	0.80923330
1.544167	0.80400000
1.543433	0.80363330
1.542733	0.80316670
1.542033	0.80043330
1.541300	0.79423330
1.540600	0.79700000
1.539867	0.80076670
1.539167	0.79620000
1.538467	0.79390000
1.537767	0.78970000
1.537033	0.78863330
1.536333	0.78713330
1.535633	0.78486670
1.534933	0.78270000
1.534200	0.77710000
1.533500	0.77250000
1.532800	0.76933330
1.532100	0.76596670
1.531400	0.76560000
1.530700	0.75600000
1.530000	0.75256670
1.529300	0.75310000
1.528600	0.75353330
1.527900	0.75806670
1.527200	0.75513330
1.526500	0.75136670
1.525800	0.74706670
1.525100	0.73830000
1.524400	0.73513330
1.523700	0.73166670
1.523000	0.72676670
1.522300	0.72346670
1.521600	0.71963330
1.520900	0.71370000
1.520233	0.70816670
1.519533	0.70236670
1.518833	0.69316670
1.518133	0.68623330
1.517467	0.67773330
1.516767	0.66460000
1.516067	0.65070000
1.515400	0.64216670
1.514700	0.63730000
1.514000	0.62450000
1.513300	0.61136670
1.512633	0.60036670
1.511933	0.58710000
1.511267	0.56903330
1.510567	0.55570000
1.509900	0.54096670
1.509200	0.52603330
1.508533	0.51263330
1.507833	0.49663330
1.507167	0.47500000
1.506500	0.45710000
1.505800	0.43870000
1.505100	0.41960000
1.504433	0.40373330
1.503767	0.38240000
1.503100	0.36393330
1.502400	0.34986670
1.501733	0.32996670
1.501067	0.31413330
1.500400	0.30256670
1.499700	0.28483330
1.499033	0.26763330
1.498367	0.25363330
1.497700	0.23510000
1.497000	0.21770000
1.496333	0.20336670
1.495667	0.19083330
1.495000	0.18026670
1.494300	0.17396670
1.493667	0.16526670
1.493000	0.15363330
1.492300	0.13936670
1.491633	0.13366670
1.491000	0.12390000
1.490300	0.10710000
1.489633	0.09740000
1.489000	0.09750000
1.488300	0.09750000
1.487667	0.08826670
1.487000	0.07543330
1.486300	0.07353330
1.485667	0.07820000
1.485000	0.06710000
1.484333	0.06173330
1.483700	0.05910000
1.483000	0.05556670
1.482367	0.04763330
1.481700	0.04360000
1.481033	0.04326670
1.480400	0.04016670
1.479700	0.03776670
1.479100	0.03533330
1.478400	0.02853330
1.477767	0.02746670
1.477100	0.02950000
1.476467	0.02513330
1.475800	0.02190000
1.475133	0.02660000
1.474500	0.02783330
1.473833	0.02170000
1.473200	0.01786670
1.472533	0.01220000
1.471900	0.01040000
1.471233	0.01750000
1.470600	0.01736670
1.469933	0.01173330
1.469300	0.00800000
1.468633	0.01356670
1.468000	0.00986670
1.467367	0.01023330
1.466700	0.01616670
1.466067	0.01506670
1.465400	0.01433330
1.464800	0.02003330
1.464100	0.01856670
1.463500	0.01003330
