0.193964	0.
0.194064	4.071993E-9
0.195064	3.391401E-8
0.196064	3.103794E-8
0.197064	3.799714E-8
0.198065	2.285470E-9
0.199065	1.387563E-9
0.200065	1.120258E-9
0.201065	1.132867E-8
0.202065	1.011333E-10
0.203065	2.027690E-8
0.204066	2.656767E-8
0.205066	6.095660E-9
0.206066	1.494325E-8
0.207066	1.011333E-10
0.208066	3.231486E-8
0.209066	2.835337E-8
0.210067	5.761491E-9
0.211067	2.529125E-8
0.212067	1.455074E-9
0.213067	9.041469E-9
0.214068	2.160943E-8
0.215068	1.011333E-10
0.216068	4.010528E-9
0.217068	1.871243E-8
0.218068	2.110742E-8
0.219068	2.319039E-8
0.220069	1.700104E-8
0.221069	2.499520E-8
0.222069	9.609323E-9
0.223069	2.724692E-8
0.22407	1.113383E-8
0.22507	1.268728E-9
0.22607	1.879413E-8
0.22707	2.065768E-8
0.22807	2.100014E-8
0.229071	4.582093E-8
0.230071	9.629515E-9
0.231071	7.428855E-9
0.232071	2.548083E-8
0.233072	1.129197E-8
0.234072	5.064671E-8
0.235072	2.186939E-9
0.236072	1.215656E-8
0.237072	1.016479E-9
0.238073	1.965063E-8
0.239073	2.557224E-8
0.240073	5.099018E-9
0.241073	2.545455E-8
0.242074	2.519742E-8
0.243074	2.265582E-8
0.244074	2.378552E-8
0.245074	3.719807E-8
0.246074	1.301417E-8
0.247075	2.263762E-8
0.248075	2.479753E-8
0.249075	1.348191E-8
0.250075	3.988193E-8
0.251076	1.180712E-8
0.252076	2.676271E-8
0.253076	3.827024E-8
0.254076	3.105341E-8
0.255076	3.324932E-8
0.256077	5.141100E-8
0.257077	2.537052E-8
0.258077	3.441370E-8
0.259078	3.344769E-8
0.260078	2.491452E-8
0.261078	3.087879E-8
0.262078	4.669776E-8
0.263078	4.277722E-8
0.264079	4.586997E-8
0.265079	1.438897E-8
0.266079	4.039901E-8
0.267079	4.253971E-8
0.26808	3.405122E-8
0.26908	5.768730E-8
0.27008	3.789259E-8
0.27108	2.778220E-8
0.272081	2.914678E-8
0.273081	4.908112E-8
0.274081	5.049737E-8
0.275081	6.272197E-8
0.276082	7.164867E-8
0.277082	5.433176E-8
0.278082	4.214447E-8
0.279082	5.411640E-8
0.280082	6.992990E-8
0.281083	7.651126E-8
0.282083	5.554094E-8
0.283083	5.445603E-8
0.284083	5.501628E-8
0.285084	6.473963E-8
0.286084	5.965096E-8
0.287084	5.295131E-8
0.288084	9.415192E-8
0.289085	6.241500E-8
0.290085	6.155810E-8
0.291085	6.888059E-8
0.292085	1.009225E-7
0.293086	7.514758E-8
0.294086	7.685018E-8
0.295086	6.559917E-8
0.296086	6.404985E-8
0.297087	6.233957E-8
0.298087	5.674567E-8
0.299087	4.979779E-8
0.300088	4.351967E-8
0.301088	6.642068E-8
0.302088	2.818421E-8
0.303088	3.251627E-8
0.304089	4.617279E-8
0.305089	6.201319E-8
0.306089	5.004683E-8
0.307089	5.814017E-8
0.30809	3.794396E-8
0.30909	3.435607E-8
0.31009	4.030498E-8
0.31109	3.827448E-8
0.31209	1.348049E-8
0.313091	2.082502E-8
0.314091	2.747048E-8
0.315091	3.397549E-8
0.316091	3.716177E-8
0.317092	2.153663E-8
0.318092	1.187446E-8
0.319092	3.102419E-8
0.320093	2.925254E-8
0.321093	3.022127E-8
0.322093	2.633895E-8
0.323093	7.636768E-9
0.324093	4.803686E-8
0.325094	2.172975E-8
0.326094	1.299557E-8
0.327094	1.011333E-10
0.328095	1.186678E-8
0.329095	1.886278E-8
0.330095	2.587344E-8
0.331095	2.130327E-9
0.332095	2.958357E-8
0.333096	4.694558E-8
0.334096	1.324207E-8
0.335096	2.669496E-8
0.336097	2.707069E-8
0.337097	4.897313E-8
0.338097	1.011333E-10
0.339097	1.597022E-8
0.340098	1.705089E-8
0.341098	2.435963E-8
0.342098	1.523344E-10
0.343098	1.757504E-8
0.344099	3.755125E-8
0.345099	5.434056E-8
0.346099	2.754752E-8
0.347099	1.179438E-8
0.3481	1.428937E-8
0.3491	3.117727E-8
0.3501	1.011333E-10
0.3511	4.271908E-8
0.352101	1.011333E-10
0.353101	6.971596E-9
0.354101	3.383424E-8
0.355101	7.198567E-8
0.356102	1.591694E-8
0.357102	1.307464E-8
0.358102	4.703840E-8
0.359102	4.279491E-8
0.360103	1.370223E-8
0.361103	4.225114E-8
0.362103	2.732660E-8
0.363103	6.044852E-8
0.364104	5.648733E-8
0.365104	3.507102E-9
0.366104	1.690984E-8
0.367105	6.970129E-9
0.368105	6.491960E-8
0.369105	7.969663E-8
0.370105	4.567574E-8
0.371106	8.094766E-8
0.372106	1.986286E-8
0.373106	3.589931E-8
0.374106	3.176907E-8
0.375107	1.901171E-8
0.376107	7.155747E-8
0.377107	4.341755E-8
0.378107	1.415985E-8
0.379108	8.460734E-8
0.380108	6.313753E-8
0.381108	3.821432E-8
0.382108	2.030461E-8
0.383109	5.931234E-8
0.384109	4.900114E-8
0.385109	3.294932E-8
0.386109	1.060442E-7
0.38711	2.466902E-8
0.38811	3.914444E-8
0.38911	3.696733E-8
0.390111	9.973905E-8
0.391111	4.974693E-8
0.392111	3.043816E-8
0.393111	6.578126E-8
0.394112	1.513233E-7
0.395112	1.492161E-7
0.396112	6.431233E-8
0.397112	6.546347E-8
0.398113	1.570956E-7
0.399113	7.571784E-8
0.400113	1.861314E-7
0.401113	1.976943E-7
0.402114	1.965123E-7
0.403114	1.956388E-7
0.404114	1.726625E-7
0.405114	1.834540E-7
0.406115	1.373569E-7
0.407115	1.569480E-7
0.408115	1.762651E-7
0.409116	1.879807E-7
0.410116	2.155463E-7
0.411116	1.972282E-7
0.412116	2.006093E-7
0.413116	1.876642E-7
0.414117	2.187646E-7
0.415117	2.178294E-7
0.416117	2.297159E-7
0.417118	1.991129E-7
0.418118	2.316097E-7
0.419118	2.313791E-7
0.420118	2.560854E-7
0.421119	2.240557E-7
0.422119	2.409896E-7
0.423119	2.762588E-7
0.424119	2.967892E-7
0.42512	2.976375E-7
0.42612	2.509378E-7
0.42712	2.452666E-7
0.428121	2.849128E-7
0.429121	2.546496E-7
0.430121	2.695198E-7
0.431121	2.702054E-7
0.432121	2.459369E-7
0.433122	2.631095E-7
0.434122	2.118386E-7
0.435122	2.379978E-7
0.436123	2.215158E-7
0.437123	1.883851E-7
0.438123	2.004516E-7
0.439123	2.213460E-7
0.440124	2.029521E-7
0.441124	1.944265E-7
0.442124	1.973445E-7
0.443124	1.941251E-7
0.444125	1.979410E-7
0.445125	1.908765E-7
0.446125	1.951130E-7
0.447125	1.803621E-7
0.448126	2.138982E-7
0.449126	2.156737E-7
0.450126	2.005274E-7
0.451127	1.889685E-7
0.452127	2.322113E-7
0.453127	2.173016E-7
0.454127	2.308817E-7
0.455127	1.926358E-7
0.456128	2.101299E-7
0.457128	1.983263E-7
0.458128	2.418440E-7
0.459129	1.941555E-7
0.460129	2.031654E-7
0.461129	1.722278E-7
0.462129	1.581563E-7
0.46313	1.645383E-7
0.46413	1.445226E-7
0.46513	1.443355E-7
0.466131	1.895641E-7
0.467131	1.904528E-7
0.468131	1.903183E-7
0.469131	1.519410E-7
0.470131	1.519127E-7
0.471132	1.600774E-7
0.472132	1.335936E-7
0.473132	1.477905E-7
0.474133	1.123848E-7
0.475133	1.606001E-7
0.476133	1.619681E-7
0.477133	1.649488E-7
0.478134	1.701186E-7
0.479134	1.557033E-7
0.480134	1.484133E-7
0.481134	1.558904E-7
0.482135	1.097357E-7
0.483135	1.578368E-7
0.484135	1.602846E-7
0.485135	1.474973E-7
0.486136	1.570228E-7
0.487136	1.668811E-7
0.488136	1.667092E-7
0.489137	1.539076E-7
0.490137	1.105102E-7
0.491137	1.131047E-7
0.492137	1.454821E-7
0.493138	1.113201E-7
0.494138	1.475468E-7
0.495138	1.190216E-7
0.496138	1.168670E-7
0.497139	1.299173E-7
0.498139	1.049026E-7
0.499139	8.722164E-8
0.50014	8.505030E-8
0.50114	1.263541E-7
0.50214	1.172037E-7
0.50314	1.135020E-7
0.50414	1.422133E-7
0.505141	1.006763E-7
0.506141	1.280396E-7
0.507141	1.075477E-7
0.508142	1.100643E-7
0.509142	1.130733E-7
0.510142	1.002873E-7
0.511142	1.116912E-7
0.512143	1.015630E-7
0.513143	1.170348E-7
0.514143	1.197628E-7
0.515144	1.276585E-7
0.516144	1.055821E-7
0.517144	1.220398E-7
0.518144	9.471581E-8
0.519145	1.146436E-7
0.520145	1.107094E-7
0.521145	8.868115E-8
0.522145	9.884939E-8
0.523146	1.345117E-7
0.524146	9.634317E-8
0.525146	1.226414E-7
0.526146	1.154423E-7
0.527147	1.045002E-7
0.528147	1.006028E-7
0.529147	1.263885E-7
0.530147	1.022151E-7
0.531148	1.275806E-7
0.532148	8.681427E-8
0.533148	1.018845E-7
0.534148	1.041706E-7
0.535149	1.050017E-7
0.536149	1.005946E-7
0.537149	1.194776E-7
0.53815	1.164272E-7
0.53915	8.070398E-8
0.54015	1.223006E-7
0.54115	8.889410E-8
0.542151	8.555039E-8
0.543151	9.932875E-8
0.544151	8.070145E-8
0.545152	7.977489E-8
0.546152	1.089238E-7
0.547152	9.593347E-8
0.548152	1.172310E-7
0.549152	9.058395E-8
0.550153	1.203452E-7
0.551153	1.233016E-7
0.552153	6.359537E-8
0.553154	1.341962E-7
0.554154	5.814078E-8
0.555154	1.199306E-7
0.556154	1.036822E-7
0.557155	1.011272E-7
0.558155	8.583410E-8
0.559155	1.003559E-7
0.560156	8.834264E-8
0.561156	1.334804E-7
0.562156	1.024143E-7
0.563156	9.145754E-8
0.564156	9.364576E-8
0.565157	9.974613E-8
0.566157	8.548679E-8
0.567157	8.110044E-8
0.568158	9.821189E-8
0.569158	1.044143E-7
0.570158	7.838371E-8
0.571158	1.024164E-7
0.572159	8.709414E-8
0.573159	9.185631E-8
0.574159	8.448004E-8
0.57516	9.388347E-8
0.57616	8.871069E-8
0.57716	6.249023E-8
0.57816	1.035013E-7
0.57916	6.592423E-8
0.580161	7.896146E-8
0.581161	5.976339E-8
0.582161	1.137862E-7
0.583162	9.842877E-8
0.584162	6.497542E-8
0.585162	6.745989E-8
0.586163	9.455454E-8
0.587163	6.945226E-8
0.588163	5.569321E-8
0.589163	1.144181E-7
0.590164	7.160661E-8
0.591164	4.750027E-8
0.592164	6.285402E-8
0.593164	9.708634E-8
0.594165	9.035827E-8
0.595165	6.949463E-8
0.596165	1.185646E-7
0.597165	7.266988E-8
0.598166	5.487675E-8
0.599166	7.583544E-8
0.600166	6.472112E-8
0.601167	6.956661E-8
0.602167	9.793565E-8
0.603167	8.769645E-8
0.604167	6.678114E-8
0.605167	8.570994E-8
0.606168	4.820349E-8
0.607168	5.426291E-8
0.608168	8.125372E-8
0.609169	5.271552E-8
0.610169	7.842193E-8
0.611169	5.722310E-8
0.612169	7.843376E-8
0.61317	5.075864E-8
0.61417	3.455950E-8
0.61517	8.388289E-8
0.61617	8.726815E-8
0.617171	3.834455E-8
0.618171	8.185491E-8
0.619171	7.152269E-8
0.620171	5.292826E-8
0.621172	5.272331E-8
0.622172	1.043384E-7
0.623172	7.771042E-8
0.624173	4.851591E-8
0.625173	6.655213E-8
0.626173	7.139357E-8
0.627173	6.744634E-8
0.628174	8.317289E-8
0.629174	6.242663E-8
0.630174	7.351112E-8
0.631174	6.172695E-8
0.632175	6.597974E-8
0.633175	8.084291E-8
0.634175	6.010029E-8
0.635176	9.308723E-8
0.636176	5.448424E-8
0.637176	5.101435E-8
0.638176	3.221799E-8
0.639177	5.537067E-8
0.640177	9.187755E-8
0.641177	7.565536E-8
0.642177	7.136344E-8
0.643178	4.377507E-8
0.644178	8.251425E-8
0.645178	8.100297E-8
0.646178	4.737772E-8
0.647179	7.068661E-8
0.648179	6.439504E-8
0.649179	4.923461E-8
0.65018	6.021870E-8
0.65118	7.066477E-8
0.65218	6.186547E-8
0.65318	8.232438E-8
0.654181	9.390855E-8
0.655181	9.785932E-8
0.656181	9.150000E-8
0.657181	8.997749E-8
0.658182	1.248779E-7
0.659182	1.833640E-7
0.660182	1.833276E-7
0.661183	2.403264E-7
0.662183	3.260444E-7
0.663183	3.588677E-7
0.664183	4.480154E-7
0.665184	5.128987E-7
0.666184	6.096145E-7
0.667184	6.867553E-7
0.668184	7.668264E-7
0.669185	9.177978E-7
0.670185	1.078055E-6
0.671185	1.252136E-6
0.672185	1.519855E-6
0.673186	1.786765E-6
0.674186	2.220952E-6
0.675186	2.868076E-6
0.676187	3.715449E-6
0.677187	4.736741E-6
0.678187	6.409383E-6
0.679187	8.580135E-6
0.680188	1.171279E-5
0.681188	1.626071E-5
0.682188	2.274621E-5
0.683188	3.167726E-5
0.684189	4.044400E-5
0.685189	5.156610E-5
0.686189	4.954390E-5
0.68719	9.099900E-5
0.68819	1.455984E-4
0.68919	1.627871E-4
0.69019	2.780525E-4
0.691191	4.620727E-4
0.692191	6.875480E-4
0.693191	0.001041433
0.694191	0.00162686
0.695192	0.002580327
0.696192	0.0040717
0.697192	0.006480141
0.698192	0.0104386
0.699193	0.01702389
0.700193	0.02828552
0.701193	0.04703839
0.702194	0.07837845
0.703194	0.1302266
0.704194	0.2113786
0.705194	0.3219363
0.706195	0.4607927
0.707195	0.6103414
0.708195	0.7393133
0.709195	0.830648
0.710196	0.8880522
0.711196	0.9197391
0.712196	0.9348348
0.713197	0.9412705
0.714197	0.9439327
0.715197	0.9440691
0.716197	0.9434069
0.717198	0.9415809
0.718198	0.939047
0.719198	0.9354668
0.720198	0.9317055
0.721199	0.9276803
0.722199	0.9242809
0.723199	0.9208068
0.724199	0.9190222
0.7252	0.9182588
0.7262	0.9193771
0.7272	0.9207562
0.728201	0.9242486
0.729201	0.9280382
0.730201	0.9332979
0.731201	0.9385132
0.732202	0.9444999
0.733202	0.9505069
0.734202	0.9560012
0.735202	0.9616653
0.736203	0.9657047
0.737203	0.9691151
0.738203	0.9708957
0.739204	0.9719725
0.740204	0.9725772
0.741204	0.9704801
0.742204	0.9685439
0.743205	0.965093
0.744205	0.9616098
0.745205	0.9578414
0.746206	0.9541468
0.747206	0.950517
0.748206	0.946611
0.749206	0.9451885
0.750206	0.943419
0.751207	0.9436941
0.752207	0.9437749
0.753207	0.9452814
0.754208	0.947432
0.755208	0.9506899
0.756208	0.9549011
0.757208	0.9594743
0.758209	0.9635319
0.759209	0.9688644
0.760209	0.9719118
0.761209	0.9765154
0.76221	0.9790684
0.76321	0.9804779
0.76421	0.9812463
0.765211	0.9807519
0.766211	0.9792292
0.767211	0.97748
0.768211	0.9742818
0.769212	0.9707521
0.770212	0.9674964
0.771212	0.9635662
0.772212	0.9600415
0.773213	0.9567534
0.774213	0.9535644
0.775213	0.9513329
0.776214	0.9499781
0.777214	0.9489862
0.778214	0.9494391
0.779214	0.9488234
0.780215	0.9504644
0.781215	0.9513612
0.782215	0.9546847
0.783215	0.9568586
0.784216	0.9589223
0.785216	0.9613742
0.786216	0.9631254
0.787216	0.9662941
0.788217	0.9672709
0.789217	0.9693547
0.790217	0.9699897
0.791218	0.9698098
0.792218	0.9708775
0.793218	0.9705772
0.794218	0.9710484
0.795219	0.9705843
0.796219	0.9707855
0.797219	0.9709867
0.798219	0.9717116
0.79922	0.971742
0.80022	0.9717491
0.80122	0.9729158
0.802221	0.974292
0.803221	0.9750847
0.804221	0.9772211
0.805221	0.9770209
0.806222	0.9793202
0.807222	0.979214
0.808222	0.9794324
0.809223	0.9791877
0.810223	0.9777762
0.811223	0.9763981
0.812223	0.974202
0.813223	0.9712091
0.814224	0.9670373
0.815224	0.9632851
0.816224	0.9600172
0.817225	0.9548182
0.818225	0.949706
0.819225	0.9454867
0.820225	0.9409257
0.821226	0.9371684
0.822226	0.9333111
0.823226	0.9305811
0.824226	0.9284173
0.825227	0.9280028
0.826227	0.9275195
0.827227	0.9275923
0.828228	0.9292424
0.829228	0.9309269
0.830228	0.9348287
0.831228	0.9372573
0.832229	0.9413655
0.833229	0.9459903
0.834229	0.9511742
0.835229	0.9557868
0.83623	0.9599283
0.83723	0.9643528
0.83823	0.9688836
0.839231	0.9725003
0.840231	0.9756852
0.841231	0.9769835
0.842231	0.9787347
0.843232	0.9788935
0.844232	0.9783283
0.845232	0.9762798
0.846232	0.9751251
0.847233	0.9738511
0.848233	0.9709958
0.849233	0.9574289
0.850233	0.9537343
0.851234	0.9519285
0.852234	0.9461794
0.853234	0.9449872
0.854235	0.9420328
0.855235	0.9393706
0.856235	0.9376295
0.857235	0.9356852
0.858236	0.9351897
0.859236	0.9333313
0.860236	0.9347873
0.861236	0.9352251
0.862237	0.9359066
0.863237	0.9373211
0.864237	0.9389399
0.865238	0.9429306
0.866238	0.9442593
0.867238	0.9482561
0.868238	0.9512591
0.869239	0.9541751
0.870239	0.9564077
0.871239	0.9576139
0.87224	0.9615814
0.87324	0.9627836
0.87424	0.9660707
0.87524	0.9693902
0.876241	0.9700626
0.877241	0.9712273
0.878241	0.9709523
0.879241	0.9728117
0.880242	0.9724588
0.881242	0.9713739
0.882242	0.9716681
0.883242	0.9701242
0.884243	0.9703669
0.885243	0.9682133
0.886243	0.9674792
0.887244	0.9669312
0.888244	0.9649514
0.889244	0.9644408
0.890244	0.9633286
0.891245	0.9621233
0.892245	0.9605056
0.893245	0.9604106
0.894245	0.9596806
0.895246	0.9589688
0.896246	0.9585168
0.897246	0.9582054
0.898247	0.9590284
0.899247	0.9590132
0.900247	0.9593145
0.901247	0.9598474
0.902248	0.9607705
0.903248	0.9609242
0.904248	0.9622993
0.905248	0.963458
0.906249	0.9643266
0.907249	0.9658746
0.908249	0.9669737
0.90925	0.9680413
0.91025	0.9701556
0.91125	0.970834
0.91225	0.9724973
0.913251	0.9737814
0.914251	0.9751918
0.915251	0.976116
0.916251	0.9767924
0.917252	0.9775093
0.918252	0.9783657
0.919252	0.9784658
0.920252	0.9783778
0.921253	0.9787449
0.922253	0.9779906
0.923253	0.9766114
0.924253	0.9756812
0.925254	0.9744527
0.926254	0.9727915
0.927254	0.9708158
0.928255	0.9692931
0.929255	0.9672911
0.930255	0.9660303
0.931256	0.9646714
0.932256	0.9634034
0.933256	0.9626532
0.934256	0.9629494
0.935257	0.9629828
0.936257	0.9635985
0.937257	0.9647361
0.938257	0.9664812
0.939258	0.9681314
0.940258	0.9697774
0.941258	0.9714852
0.942258	0.9725913
0.943259	0.9726985
0.944259	0.9716328
0.945259	0.9694134
0.946259	0.9659817
0.94726	0.9614348
0.94826	0.9555067
0.94926	0.9484321
0.950261	0.9406031
0.951261	0.9318338
0.952261	0.9217815
0.953261	0.9107646
0.954262	0.8952927
0.955262	0.8730566
0.956262	0.8421594
0.957263	0.7946913
0.958263	0.7252833
0.959263	0.6429787
0.960263	0.5448332
0.961264	0.4367578
0.962264	0.3407023
0.963264	0.2566334
0.964264	0.1855702
0.965265	0.134719
0.966265	0.09734163
0.967265	0.06887512
0.968266	0.04972893
0.969266	0.03647341
0.970266	0.02653329
0.971266	0.01939998
0.972267	0.01450726
0.973267	0.01099571
0.974267	0.00823541
0.975267	0.006427563
0.976268	0.005045389
0.977268	0.003835103
0.978268	0.003169799
0.979268	0.002659193
0.980269	0.001972656
0.981269	0.001692582
0.982269	0.001561138
0.98327	0.001079855
0.98427	0.001070755
0.98527	9.686339E-4
0.98627	7.694471E-4
0.987271	6.481151E-4
0.988271	5.914935E-4
0.989271	5.510495E-4
0.990271	5.732937E-4
0.991272	7.542806E-4
0.992272	5.136388E-4
0.993272	3.791625E-4
0.994273	4.287064E-4
0.995273	4.671282E-4
0.996273	3.832069E-4
0.997273	4.630838E-4
0.998274	4.893724E-4
0.999274	4.691504E-4
1.00027	3.538850E-4
1.00127	2.467084E-4
1.00228	3.377074E-4
1.00327	2.618749E-4
1.00428	2.497417E-4
1.00527	4.580283E-4
1.00628	5.884602E-4
1.00728	2.760303E-4
1.00828	2.365974E-4
1.00928	1.607649E-4
1.01028	3.346741E-4
1.01128	3.862402E-4
1.01228	4.246620E-4
1.01328	2.770414E-4
1.01428	3.872513E-4
1.01528	4.024178E-4
1.01628	3.468073E-4
1.01728	1.688537E-4
1.01828	2.022200E-4
1.01928	2.527750E-4
1.02028	3.589405E-4
1.02128	2.831080E-4
1.02228	3.326519E-4
1.02328	2.588416E-4
1.02428	1.779536E-4
1.02528	3.397296E-4
1.02628	3.083855E-4
1.02728	2.072755E-4
1.02828	2.598527E-4
1.02928	2.831080E-4
1.03028	3.255742E-4
1.03128	3.397296E-4
1.03228	3.538850E-4
1.03328	2.285086E-4
1.03428	2.588416E-4
1.03528	1.941312E-4
1.03628	3.073744E-4
1.03728	1.921090E-4
1.03828	2.578305E-4
1.03929	1.910979E-4
1.04029	1.486317E-4
1.04129	2.547972E-4
1.04229	2.578305E-4
1.04329	2.103088E-4
1.04429	1.445873E-4
1.04529	2.568194E-4
1.04629	2.416529E-4
1.04729	3.154632E-4
1.04829	2.760303E-4
1.04929	2.972634E-4
1.05029	2.224420E-4
1.05129	2.911968E-4
1.05229	3.124299E-4
1.05329	3.174854E-4
1.05429	2.770414E-4
1.05529	2.901857E-4
1.05629	2.820969E-4
1.05729	2.487306E-4
1.05829	2.153643E-4
1.05929	1.435762E-4
1.06029	2.881635E-4
1.06129	2.729970E-4
1.06229	1.243653E-4
1.06329	2.396307E-4
1.06429	2.770414E-4
1.06529	2.760303E-4
1.06629	2.861413E-4
1.06729	1.951423E-4
1.06829	2.972634E-4
1.06929	3.134410E-4
1.07029	3.569183E-4
1.07129	3.215298E-4
1.07229	1.162765E-4
1.07329	2.285086E-4
1.07429	2.952412E-4
1.0753	2.301436E-6
1.0763	2.029409E-6
1.0773	1.799323E-6
1.0783	2.105121E-6
1.0793	1.866936E-6
1.0803	2.072371E-6
1.0813	1.903760E-6
1.0823	1.902769E-6
1.0833	2.153663E-6
1.0843	1.997115E-6
1.0853	2.200558E-6
1.0863	2.038145E-6
1.0873	1.934912E-6
1.0883	1.849545E-6
1.0893	2.287169E-6
1.0903	2.514838E-6
1.0913	2.267149E-6
1.0923	2.048590E-6
1.0933	1.743571E-6
1.0943	1.769961E-6
1.0953	2.193713E-6
1.0963	2.090823E-6
1.0973	1.910605E-6
1.0983	1.953708E-6
1.0993	2.009571E-6
1.1003	1.955771E-6
1.1004	0.
1.1005	0.
