# lambda (micron)    fractional filter transmission phi(lambda)
0.358111	0.00197990
0.358162	0.00204260
0.358213	0.00210530
0.358265	0.00216860
0.358316	0.00223140
0.358368	0.00229490
0.358419	0.00235830
0.358471	0.00242210
0.358522	0.00248590
0.358574	0.00255000
0.358625	0.00261410
0.358676	0.00267840
0.358728	0.00274320
0.358779	0.00280760
0.358831	0.00287260
0.358882	0.00293770
0.358934	0.00300310
0.358985	0.00306850
0.359037	0.00318650
0.359088	0.00332520
0.359140	0.00346480
0.359191	0.00360430
0.359243	0.00374470
0.359295	0.00388560
0.359346	0.00402630
0.359398	0.00416790
0.359449	0.00430950
0.359501	0.00445200
0.359553	0.00459370
0.359604	0.00473700
0.359656	0.00488070
0.359707	0.00502370
0.359759	0.00516820
0.359811	0.00531260
0.359862	0.00545790
0.359914	0.00560310
0.359966	0.00574930
0.360017	0.00591690
0.360069	0.00612910
0.360121	0.00634120
0.360172	0.00655480
0.360224	0.00676820
0.360276	0.00698310
0.360328	0.00719880
0.360379	0.00741420
0.360431	0.00763030
0.360483	0.00784720
0.360534	0.00806550
0.360586	0.00828280
0.360638	0.00850240
0.360690	0.00872280
0.360741	0.00894300
0.360793	0.00916470
0.360845	0.00938620
0.360897	0.00960930
0.360949	0.00983220
0.361001	0.01005660
0.361052	0.01027310
0.361104	0.01049110
0.361156	0.01070890
0.361208	0.01092820
0.361260	0.01114740
0.361311	0.01136800
0.361363	0.01158840
0.361415	0.01180940
0.361467	0.01203210
0.361519	0.01225350
0.361571	0.01247740
0.361622	0.01270110
0.361674	0.01292630
0.361726	0.01315210
0.361778	0.01337770
0.361830	0.01360400
0.361882	0.01383180
0.361934	0.01406030
0.361986	0.01428860
0.362038	0.01453020
0.362090	0.01477590
0.362142	0.01502330
0.362194	0.01527040
0.362246	0.01551910
0.362298	0.01576670
0.362350	0.01601690
0.362402	0.01626770
0.362454	0.01651730
0.362506	0.01676960
0.362558	0.01702160
0.362610	0.01727520
0.362662	0.01752860
0.362714	0.01778360
0.362766	0.01803850
0.362818	0.01829490
0.362870	0.01855100
0.362923	0.01880890
0.362975	0.01906760
0.363027	0.01941870
0.363079	0.01986020
0.363131	0.02030120
0.363183	0.02074520
0.363235	0.02118690
0.363287	0.02163330
0.363339	0.02207930
0.363391	0.02252670
0.363444	0.02297690
0.363496	0.02342660
0.363548	0.02387950
0.363600	0.02433180
0.363653	0.02478710
0.363705	0.02524180
0.363757	0.02569970
0.363809	0.02615700
0.363861	0.02661750
0.363914	0.02707890
0.363966	0.02754010
0.364018	0.02807610
0.364070	0.02875640
0.364123	0.02943860
0.364175	0.03011760
0.364227	0.03080390
0.364279	0.03148950
0.364332	0.03217970
0.364384	0.03286920
0.364436	0.03356090
0.364489	0.03425710
0.364541	0.03495270
0.364593	0.03565310
0.364645	0.03635290
0.364698	0.03705740
0.364750	0.03776090
0.364803	0.03846940
0.364855	0.03917970
0.364907	0.03988970
0.364960	0.04060160
0.365012	0.04128460
0.365064	0.04185410
0.365117	0.04242970
0.365169	0.04300680
0.365222	0.04358320
0.365274	0.04416340
0.365326	0.04474080
0.365379	0.04532410
0.365431	0.04590690
0.365484	0.04649350
0.365536	0.04708150
0.365589	0.04766900
0.365641	0.04825800
0.365694	0.04885080
0.365746	0.04944510
0.365799	0.05003900
0.365851	0.05063660
0.365904	0.05123370
0.365956	0.05183420
0.366009	0.05238130
0.366061	0.05267550
0.366114	0.05296900
0.366166	0.05326440
0.366219	0.05356050
0.366271	0.05385490
0.366324	0.05415230
0.366376	0.05444920
0.366429	0.05474790
0.366482	0.05504740
0.366534	0.05534630
0.366587	0.05564600
0.366640	0.05594750
0.366692	0.05624850
0.366745	0.05655140
0.366798	0.05685380
0.366850	0.05715790
0.366903	0.05746260
0.366955	0.05776570
0.367008	0.05810510
0.367061	0.05862340
0.367114	0.05914520
0.367166	0.05966630
0.367219	0.06018870
0.367272	0.06071410
0.367324	0.06123910
0.367377	0.06176730
0.367430	0.06229700
0.367483	0.06282550
0.367535	0.06335560
0.367588	0.06388930
0.367641	0.06442170
0.367694	0.06495760
0.367746	0.06549290
0.367799	0.06603160
0.367852	0.06656960
0.367905	0.06710870
0.367958	0.06765110
0.368010	0.06825400
0.368063	0.06911170
0.368116	0.06996840
0.368169	0.07082760
0.368222	0.07168900
0.368274	0.07255570
0.368327	0.07342180
0.368380	0.07429650
0.368433	0.07516380
0.368486	0.07604010
0.368539	0.07691860
0.368592	0.07779600
0.368645	0.07867910
0.368698	0.07956080
0.368751	0.08044880
0.368804	0.08133530
0.368856	0.08222440
0.368909	0.08311580
0.368962	0.08401250
0.369015	0.08492360
0.369068	0.08586210
0.369121	0.08680280
0.369174	0.08774640
0.369227	0.08869550
0.369280	0.08964310
0.369333	0.09060060
0.369386	0.09154920
0.369439	0.09250800
0.369492	0.09346490
0.369545	0.09442790
0.369598	0.09538960
0.369651	0.09635720
0.369705	0.09732740
0.369758	0.09829610
0.369811	0.09927100
0.369864	0.10024060
0.369917	0.10122000
0.369970	0.10219820
0.370023	0.10301640
0.370076	0.10361550
0.370129	0.10421610
0.370182	0.10482050
0.370235	0.10542380
0.370288	0.10602880
0.370342	0.10663750
0.370395	0.10724740
0.370448	0.10785630
0.370501	0.10846900
0.370554	0.10908090
0.370608	0.10969680
0.370661	0.11031140
0.370714	0.11092980
0.370767	0.11154700
0.370820	0.11216610
0.370874	0.11278850
0.370927	0.11341010
0.370980	0.11403560
0.371033	0.11470540
0.371086	0.11541070
0.371140	0.11611490
0.371193	0.11682310
0.371246	0.11753070
0.371300	0.11824250
0.371353	0.11895640
0.371406	0.11966930
0.371460	0.12038620
0.371513	0.12110210
0.371566	0.12182270
0.371620	0.12254210
0.371673	0.12326570
0.371726	0.12398850
0.371780	0.12471300
0.371833	0.12544170
0.371886	0.12616920
0.371940	0.12690170
0.371993	0.12763060
0.372047	0.12833920
0.372100	0.12904220
0.372153	0.12975030
0.372207	0.13045700
0.372260	0.13116810
0.372314	0.13187820
0.372367	0.13259280
0.372421	0.13330880
0.372474	0.13402330
0.372528	0.13474270
0.372581	0.13546070
0.372634	0.13618350
0.372688	0.13690460
0.372741	0.13762750
0.372795	0.13835240
0.372848	0.13908110
0.372902	0.13981170
0.372955	0.14053830
0.373009	0.14140590
0.373062	0.14294280
0.373116	0.14448980
0.373170	0.14603510
0.373223	0.14759060
0.373277	0.14914380
0.373330	0.15070720
0.373384	0.15226970
0.373438	0.15384190
0.373491	0.15541170
0.373545	0.15699230
0.373599	0.15857670
0.373652	0.16015910
0.373706	0.16174690
0.373759	0.16333780
0.373813	0.16493920
0.373866	0.16653880
0.373920	0.16814240
0.373974	0.16975090
0.374027	0.17118820
0.374081	0.17245450
0.374135	0.17371920
0.374189	0.17499140
0.374242	0.17626180
0.374296	0.17754030
0.374350	0.17881750
0.374403	0.18010290
0.374457	0.18138560
0.374511	0.18267650
0.374565	0.18396660
0.374619	0.18526350
0.374672	0.18655920
0.374726	0.18785780
0.374780	0.18916500
0.374834	0.19047040
0.374887	0.19177870
0.374941	0.19308980
0.374995	0.19440900
0.375049	0.19552860
0.375103	0.19663450
0.375156	0.19773820
0.375210	0.19884930
0.375264	0.19996240
0.375318	0.20107450
0.375372	0.20219330
0.375426	0.20331120
0.375480	0.20443500
0.375534	0.20555780
0.375588	0.20668780
0.375641	0.20781120
0.375695	0.20894570
0.375749	0.21008370
0.375803	0.21121490
0.375857	0.21235800
0.375911	0.21349910
0.375965	0.21464740
0.376019	0.21562420
0.376073	0.21628950
0.376127	0.21695330
0.376181	0.21762100
0.376235	0.21828760
0.376289	0.21895810
0.376343	0.21962980
0.376397	0.22029970
0.376451	0.22097430
0.376505	0.22164760
0.376559	0.22232460
0.376613	0.22299770
0.376667	0.22367700
0.376721	0.22435520
0.376775	0.22503450
0.376829	0.22571820
0.376883	0.22640050
0.376938	0.22708680
0.376992	0.22777160
0.377046	0.22871100
0.377100	0.22969510
0.377154	0.23068510
0.377208	0.23167290
0.377262	0.23266770
0.377316	0.23365670
0.377371	0.23465850
0.377425	0.23565530
0.377479	0.23665800
0.377533	0.23766270
0.377587	0.23866190
0.377642	0.23967130
0.377696	0.24067840
0.377750	0.24168850
0.377804	0.24270420
0.377858	0.24371790
0.377912	0.24473390
0.377967	0.24575640
0.378021	0.24677670
0.378075	0.24778910
0.378130	0.24880840
0.378184	0.24982570
0.378238	0.25084910
0.378292	0.25186730
0.378347	0.25290000
0.378401	0.25392750
0.378455	0.25496070
0.378509	0.25598900
0.378564	0.25702760
0.378618	0.25806880
0.378673	0.25910800
0.378727	0.26014970
0.378781	0.26119840
0.378836	0.26224560
0.378890	0.26329520
0.378945	0.26435160
0.378999	0.26540140
0.379053	0.26643500
0.379108	0.26746210
0.379162	0.26849580
0.379217	0.26953220
0.379271	0.27056390
0.379326	0.27160910
0.379380	0.27264830
0.379434	0.27369410
0.379489	0.27473500
0.379543	0.27578640
0.379598	0.27683600
0.379652	0.27789210
0.379707	0.27894620
0.379761	0.28000690
0.379816	0.28106670
0.379870	0.28212900
0.379925	0.28319830
0.379979	0.28426060
0.380034	0.28477930
0.380088	0.28495120
0.380143	0.28512350
0.380197	0.28529430
0.380252	0.28546650
0.380307	0.28563840
0.380361	0.28581080
0.380416	0.28598280
0.380470	0.28615340
0.380525	0.28632580
0.380580	0.28649760
0.380634	0.28666970
0.380689	0.28684100
0.380744	0.28701310
0.380798	0.28718390
0.380853	0.28735620
0.380908	0.28752820
0.380962	0.28769840
0.381017	0.28831390
0.381072	0.28991540
0.381126	0.29152580
0.381181	0.29312710
0.381236	0.29474430
0.381290	0.29636430
0.381345	0.29798900
0.381400	0.29960350
0.381455	0.30123470
0.381509	0.30286850
0.381564	0.30449980
0.381619	0.30614080
0.381674	0.30777910
0.381729	0.30942720
0.381783	0.31106560
0.381838	0.31271970
0.381893	0.31436580
0.381947	0.31602740
0.382002	0.31765040
0.382057	0.31835170
0.382112	0.31905410
0.382167	0.31975230
0.382222	0.32045680
0.382277	0.32116200
0.382332	0.32186860
0.382386	0.32257110
0.382441	0.32328050
0.382496	0.32399150
0.382551	0.32469980
0.382606	0.32540930
0.382661	0.32612340
0.382716	0.32683880
0.382771	0.32754930
0.382826	0.32826680
0.382880	0.32898000
0.382936	0.32969990
0.382991	0.33042110
0.383046	0.33187520
0.383101	0.33347920
0.383155	0.33508640
0.383211	0.33670430
0.383266	0.33832460
0.383321	0.33994980
0.383376	0.34156500
0.383431	0.34319740
0.383486	0.34483350
0.383541	0.34646590
0.383596	0.34810360
0.383651	0.34975030
0.383706	0.35138790
0.383761	0.35304150
0.383816	0.35470010
0.383871	0.35634860
0.383926	0.35801330
0.383981	0.35968240
0.384036	0.36079030
0.384092	0.36160650
0.384147	0.36242420
0.384202	0.36324670
0.384257	0.36407020
0.384312	0.36489210
0.384367	0.36571600
0.384422	0.36654420
0.384478	0.36737380
0.384533	0.36820120
0.384588	0.36903020
0.384643	0.36986410
0.384698	0.37069340
0.384754	0.37153070
0.384809	0.37236600
0.384864	0.37320240
0.384919	0.37404400
0.384975	0.37488640
0.385030	0.37590890
0.385085	0.37707600
0.385140	0.37825480
0.385196	0.37943600
0.385251	0.38061900
0.385306	0.38179970
0.385361	0.38298340
0.385417	0.38417470
0.385472	0.38536800
0.385527	0.38655440
0.385583	0.38775330
0.385638	0.38895420
0.385693	0.39014770
0.385749	0.39135390
0.385804	0.39255790
0.385859	0.39376330
0.385915	0.39497670
0.385970	0.39619210
0.386026	0.39716010
0.386081	0.39784640
0.386137	0.39853590
0.386192	0.39922620
0.386248	0.39991780
0.386303	0.40060770
0.386358	0.40129840
0.386414	0.40199290
0.386470	0.40268910
0.386525	0.40338060
0.386580	0.40407850
0.386636	0.40477170
0.386691	0.40547130
0.386747	0.40617220
0.386802	0.40687100
0.386858	0.40757190
0.386913	0.40827610
0.386969	0.40898110
0.387024	0.40981070
0.387080	0.41080360
0.387136	0.41180190
0.387191	0.41280220
0.387247	0.41380030
0.387302	0.41480480
0.387358	0.41580670
0.387414	0.41681470
0.387469	0.41782440
0.387525	0.41882870
0.387580	0.41984220
0.387636	0.42085000
0.387691	0.42186760
0.387747	0.42288650
0.387803	0.42390370
0.387858	0.42492310
0.387914	0.42594830
0.387970	0.42697510
0.388026	0.42779030
0.388081	0.42835920
0.388137	0.42893120
0.388193	0.42950350
0.388248	0.43007250
0.388304	0.43064810
0.388360	0.43122030
0.388416	0.43179520
0.388471	0.43236630
0.388527	0.43294210
0.388583	0.43351860
0.388638	0.43409140
0.388694	0.43466950
0.388750	0.43524780
0.388806	0.43582470
0.388862	0.43640190
0.388918	0.43698210
0.388974	0.43756280
0.389029	0.43859330
0.389085	0.44003410
0.389141	0.44148290
0.389197	0.44293510
0.389253	0.44438030
0.389309	0.44584470
0.389364	0.44730020
0.389420	0.44876450
0.389476	0.45022080
0.389532	0.45169100
0.389588	0.45315400
0.389644	0.45463080
0.389700	0.45611080
0.389756	0.45759440
0.389812	0.45907510
0.389868	0.46055840
0.389924	0.46205040
0.389979	0.46353360
0.390036	0.46452330
0.390091	0.46521010
0.390148	0.46590130
0.390204	0.46659280
0.390259	0.46727970
0.390316	0.46797260
0.390372	0.46866670
0.390428	0.46936150
0.390484	0.47005130
0.390540	0.47074760
0.390595	0.47143930
0.390652	0.47213730
0.390708	0.47283590
0.390764	0.47353540
0.390820	0.47423080
0.390876	0.47493260
0.390932	0.47563470
0.390988	0.47633170
0.391045	0.47775280
0.391101	0.47935500
0.391157	0.48096740
0.391213	0.48257070
0.391269	0.48418930
0.391325	0.48581210
0.391382	0.48743740
0.391437	0.48905420
0.391494	0.49068590
0.391550	0.49232120
0.391606	0.49394860
0.391662	0.49559110
0.391719	0.49723750
0.391775	0.49888680
0.391831	0.50052750
0.391887	0.50218470
0.391944	0.50384440
0.391999	0.50549410
0.392056	0.50671890
0.392112	0.50793260
0.392169	0.50915330
0.392225	0.51036700
0.392281	0.51159260
0.392338	0.51282000
0.392394	0.51404990
0.392450	0.51527210
0.392506	0.51650590
0.392563	0.51773810
0.392619	0.51897200
0.392675	0.52021300
0.392732	0.52145620
0.392788	0.52270210
0.392845	0.52394040
0.392901	0.52519110
0.392957	0.52643500
0.393014	0.52763570
0.393070	0.52866550
0.393127	0.52969700
0.393183	0.53073020
0.393239	0.53175760
0.393296	0.53279440
0.393353	0.53383280
0.393409	0.53487280
0.393465	0.53590620
0.393522	0.53694950
0.393578	0.53799140
0.393635	0.53903400
0.393691	0.54008150
0.393748	0.54113170
0.393805	0.54218410
0.393861	0.54322960
0.393917	0.54428420
0.393974	0.54533310
0.394030	0.54630880
0.394087	0.54721370
0.394144	0.54812150
0.394200	0.54902430
0.394257	0.54993280
0.394313	0.55084310
0.394370	0.55175480
0.394426	0.55266150
0.394483	0.55357610
0.394540	0.55449220
0.394597	0.55540950
0.394653	0.55632180
0.394710	0.55724210
0.394766	0.55816340
0.394823	0.55907930
0.394880	0.56000340
0.394936	0.56092850
0.394993	0.56184700
0.395049	0.56268670
0.395106	0.56351450
0.395163	0.56434360
0.395220	0.56516730
0.395276	0.56599800
0.395333	0.56683040
0.395390	0.56766370
0.395447	0.56849110
0.395503	0.56932600
0.395560	0.57016260
0.395617	0.57099740
0.395674	0.57183280
0.395731	0.57267220
0.395788	0.57351240
0.395844	0.57434730
0.395901	0.57519020
0.395957	0.57602820
0.396014	0.57677740
0.396072	0.57724480
0.396128	0.57771080
0.396185	0.57818050
0.396242	0.57864540
0.396299	0.57911460
0.396356	0.57958210
0.396413	0.58005010
0.396470	0.58051460
0.396527	0.58098330
0.396584	0.58145260
0.396641	0.58191920
0.396697	0.58238550
0.396754	0.58285480
0.396811	0.58332410
0.396868	0.58378990
0.396925	0.58425860
0.396982	0.58472380
0.397039	0.58529610
0.397096	0.58591760
0.397153	0.58653720
0.397210	0.58715730
0.397267	0.58778090
0.397324	0.58840400
0.397381	0.58902770
0.397438	0.58964740
0.397495	0.59027210
0.397552	0.59089740
0.397609	0.59152380
0.397666	0.59214820
0.397724	0.59277310
0.397781	0.59340130
0.397838	0.59402450
0.397895	0.59465250
0.397952	0.59528170
0.398009	0.59589080
0.398066	0.59641740
0.398123	0.59694440
0.398180	0.59746830
0.398237	0.59799320
0.398295	0.59852080
0.398352	0.59904790
0.398409	0.59957480
0.398466	0.60009720
0.398523	0.60062430
0.398581	0.60115370
0.398638	0.60168220
0.398695	0.60220810
0.398752	0.60273430
0.398810	0.60326270
0.398867	0.60378760
0.398924	0.60431650
0.398981	0.60484130
0.399038	0.60547300
0.399096	0.60615580
0.399153	0.60683900
0.399210	0.60752050
0.399268	0.60820220
0.399325	0.60888760
0.399382	0.60957400
0.399440	0.61026120
0.399497	0.61094300
0.399554	0.61163150
0.399612	0.61232030
0.399669	0.61300910
0.399726	0.61369390
0.399784	0.61438550
0.399841	0.61507700
0.399898	0.61576320
0.399956	0.61645550
0.400013	0.61700110
0.400071	0.61707110
0.400128	0.61714060
0.400186	0.61720970
0.400243	0.61727850
0.400300	0.61734680
0.400358	0.61741520
0.400416	0.61748310
0.400473	0.61755010
0.400530	0.61761620
0.400588	0.61768250
0.400645	0.61774860
0.400703	0.61781450
0.400760	0.61788020
0.400818	0.61794600
0.400875	0.61801120
0.400933	0.61807690
0.400991	0.61814150
0.401048	0.61936200
0.401105	0.62081220
0.401163	0.62227000
0.401221	0.62373010
0.401278	0.62518040
0.401336	0.62664380
0.401394	0.62810920
0.401451	0.62957610
0.401509	0.63103450
0.401566	0.63250520
0.401624	0.63397800
0.401682	0.63545190
0.401740	0.63692760
0.401797	0.63839510
0.401855	0.63987470
0.401912	0.64134550
0.401970	0.64283010
0.402028	0.64365640
0.402086	0.64377470
0.402143	0.64389230
0.402201	0.64401020
0.402259	0.64412760
0.402316	0.64424370
0.402374	0.64436140
0.402432	0.64447830
0.402490	0.64459470
0.402547	0.64470990
0.402605	0.64482590
0.402663	0.64494180
0.402721	0.64505670
0.402778	0.64517030
0.402836	0.64528520
0.402894	0.64539990
0.402952	0.64551310
0.403010	0.64586890
0.403068	0.64740060
0.403126	0.64894000
0.403183	0.65047560
0.403241	0.65201860
0.403299	0.65356390
0.403357	0.65509890
0.403415	0.65664730
0.403473	0.65819880
0.403531	0.65975210
0.403589	0.66129610
0.403647	0.66285320
0.403705	0.66441150
0.403763	0.66597190
0.403820	0.66752350
0.403878	0.66908870
0.403936	0.67064430
0.403994	0.67221310
0.404052	0.67211070
0.404110	0.67182650
0.404168	0.67154140
0.404226	0.67125590
0.404284	0.67096850
0.404342	0.67068310
0.404400	0.67039500
0.404459	0.67010630
0.404517	0.66981640
0.404574	0.66952730
0.404633	0.66923550
0.404691	0.66894370
0.404749	0.66865120
0.404807	0.66835810
0.404865	0.66806610
0.404923	0.66777130
0.404981	0.66747720
0.405039	0.66849730
0.405098	0.67015100
0.405156	0.67180060
0.405214	0.67345790
0.405272	0.67511090
0.405330	0.67677230
0.405388	0.67842200
0.405447	0.68008630
0.405505	0.68175300
0.405563	0.68342220
0.405621	0.68508080
0.405679	0.68675240
0.405738	0.68842050
0.405796	0.69010400
0.405854	0.69176850
0.405912	0.69344770
0.405971	0.69512810
0.406029	0.69599250
0.406087	0.69603740
0.406145	0.69608010
0.406204	0.69612210
0.406262	0.69616460
0.406320	0.69620690
0.406379	0.69624880
0.406437	0.69629020
0.406495	0.69633170
0.406554	0.69637260
0.406612	0.69641320
0.406670	0.69645380
0.406729	0.69649370
0.406787	0.69653270
0.406846	0.69657240
0.406904	0.69661180
0.406962	0.69665090
0.407021	0.69698100
0.407079	0.69784280
0.407138	0.69870230
0.407196	0.69956590
0.407255	0.70042600
0.407313	0.70128740
0.407372	0.70215350
0.407430	0.70301370
0.407488	0.70388120
0.407547	0.70475120
0.407605	0.70561910
0.407664	0.70648570
0.407722	0.70735680
0.407781	0.70822890
0.407839	0.70909820
0.407898	0.70997510
0.407957	0.71084360
0.408015	0.71124030
0.408074	0.71026430
0.408132	0.70928190
0.408191	0.70830210
0.408249	0.70731670
0.408308	0.70633360
0.408366	0.70534820
0.408425	0.70435810
0.408484	0.70337430
0.408542	0.70238130
0.408601	0.70139060
0.408660	0.70039380
0.408718	0.69939990
0.408777	0.69840120
0.408836	0.69740350
0.408894	0.69640060
0.408953	0.69540090
0.409012	0.69489400
0.409071	0.69637550
0.409129	0.69785360
0.409188	0.69933980
0.409247	0.70082140
0.409306	0.70231000
0.409364	0.70379030
0.409423	0.70528340
0.409482	0.70677720
0.409540	0.70826070
0.409599	0.70975710
0.409658	0.71125190
0.409717	0.71275220
0.409776	0.71424940
0.409834	0.71575280
0.409893	0.71725270
0.409952	0.71875920
0.410011	0.71980610
0.410070	0.71883370
0.410129	0.71786340
0.410188	0.71688890
0.410247	0.71591300
0.410305	0.71493870
0.410364	0.71395940
0.410423	0.71298700
0.410482	0.71200580
0.410541	0.71102910
0.410600	0.71004470
0.410659	0.70905800
0.410718	0.70807520
0.410777	0.70708710
0.410835	0.70610210
0.410895	0.70511200
0.410953	0.70412350
0.411013	0.70354490
0.411072	0.70449900
0.411131	0.70545810
0.411190	0.70641500
0.411249	0.70737710
0.411308	0.70833580
0.411367	0.70929820
0.411426	0.71026220
0.411485	0.71122020
0.411544	0.71218620
0.411603	0.71314600
0.411662	0.71411400
0.411721	0.71507870
0.411780	0.71604790
0.411839	0.71701920
0.411898	0.71798790
0.411957	0.71895660
0.412017	0.71960340
0.412076	0.71940900
0.412135	0.71921480
0.412194	0.71901920
0.412253	0.71882390
0.412312	0.71862770
0.412372	0.71843240
0.412431	0.71823500
0.412490	0.71803810
0.412549	0.71783980
0.412608	0.71764110
0.412667	0.71744430
0.412727	0.71724550
0.412786	0.71704680
0.412845	0.71684760
0.412904	0.71664850
0.412964	0.71644770
0.413023	0.71701700
0.413082	0.71881140
0.413142	0.72060040
0.413201	0.72239850
0.413260	0.72419700
0.413320	0.72599140
0.413379	0.72779530
0.413438	0.72959240
0.413498	0.73139770
0.413557	0.73319250
0.413616	0.73500210
0.413676	0.73680670
0.413735	0.73861900
0.413794	0.74042920
0.413854	0.74223760
0.413913	0.74405510
0.413973	0.74586980
0.414032	0.74649620
0.414091	0.74609700
0.414151	0.74569590
0.414210	0.74529540
0.414270	0.74489160
0.414329	0.74448680
0.414389	0.74408260
0.414448	0.74367800
0.414508	0.74327130
0.414567	0.74286250
0.414627	0.74245640
0.414686	0.74204630
0.414746	0.74163650
0.414805	0.74122480
0.414865	0.74081210
0.414924	0.74039920
0.414984	0.73998350
0.415043	0.74059050
0.415103	0.74158050
0.415162	0.74256560
0.415222	0.74355610
0.415282	0.74454450
0.415341	0.74553560
0.415401	0.74652760
0.415461	0.74751830
0.415520	0.74850930
0.415580	0.74950450
0.415639	0.75049280
0.415699	0.75148910
0.415759	0.75248780
0.415819	0.75348240
0.415878	0.75448020
0.415938	0.75547580
0.415998	0.75647210
0.416057	0.75607080
0.416117	0.75560730
0.416177	0.75514330
0.416236	0.75468010
0.416296	0.75421550
0.416356	0.75374930
0.416416	0.75328260
0.416476	0.75281470
0.416535	0.75234770
0.416595	0.75188010
0.416655	0.75141130
0.416715	0.75094510
0.416775	0.75047370
0.416834	0.75000290
0.416894	0.74952960
0.416954	0.74905720
0.417014	0.74902620
0.417074	0.75046960
0.417133	0.75191080
0.417194	0.75336010
0.417253	0.75480890
0.417313	0.75625310
0.417373	0.75769990
0.417433	0.75915340
0.417493	0.76060180
0.417553	0.76205820
0.417613	0.76350990
0.417673	0.76496870
0.417733	0.76642960
0.417793	0.76787950
0.417853	0.76934330
0.417912	0.77080190
0.417973	0.77226720
0.418033	0.77269230
0.418092	0.77224700
0.418153	0.77179860
0.418212	0.77135120
0.418273	0.77090110
0.418333	0.77045040
0.418393	0.77000110
0.418453	0.76955090
0.418513	0.76909830
0.418573	0.76864680
0.418633	0.76819280
0.418693	0.76774010
0.418753	0.76728390
0.418813	0.76682890
0.418873	0.76637490
0.418934	0.76591680
0.418994	0.76545870
0.419054	0.76640650
0.419114	0.76751690
0.419174	0.76862880
0.419234	0.76974140
0.419294	0.77085970
0.419354	0.77197450
0.419415	0.77309800
0.419475	0.77420800
0.419535	0.77532880
0.419596	0.77645110
0.419656	0.77756830
0.419716	0.77869030
0.419776	0.77981020
0.419837	0.78093550
0.419897	0.78205660
0.419957	0.78318270
0.420017	0.78392810
0.420077	0.78373520
0.420138	0.78354210
0.420198	0.78334900
0.420258	0.78315720
0.420319	0.78296460
0.420379	0.78277070
0.420439	0.78257690
0.420500	0.78238260
0.420560	0.78218870
0.420620	0.78199340
0.420681	0.78179930
0.420741	0.78160420
0.420802	0.78140900
0.420862	0.78121310
0.420923	0.78101690
0.420983	0.78082140
0.421044	0.78241280
0.421104	0.78469160
0.421164	0.78699080
0.421224	0.78928240
0.421285	0.79158510
0.421345	0.79388030
0.421406	0.79617910
0.421466	0.79848600
0.421527	0.80078650
0.421588	0.80309680
0.421648	0.80540070
0.421709	0.80771590
0.421769	0.81002360
0.421830	0.81234130
0.421890	0.81465390
0.421951	0.81697590
0.422011	0.81868740
0.422072	0.81775400
0.422133	0.81681930
0.422193	0.81589110
0.422254	0.81495650
0.422314	0.81402340
0.422375	0.81308540
0.422435	0.81215540
0.422496	0.81121660
0.422556	0.81027910
0.422617	0.80933740
0.422678	0.80839590
0.422739	0.80745810
0.422799	0.80651580
0.422860	0.80557590
0.422921	0.80463070
0.422981	0.80368810
0.423042	0.80530350
0.423103	0.80803500
0.423164	0.81077880
0.423224	0.81351400
0.423285	0.81625010
0.423346	0.81899800
0.423407	0.82173680
0.423468	0.82448730
0.423528	0.82721930
0.423589	0.82997570
0.423650	0.83272250
0.423710	0.83548120
0.423771	0.83823200
0.423832	0.84099400
0.423893	0.84374800
0.423954	0.84651460
0.424015	0.84815470
0.424076	0.84631180
0.424137	0.84446130
0.424197	0.84261620
0.424258	0.84076500
0.424319	0.83891710
0.424380	0.83707020
0.424441	0.83522070
0.424502	0.83336110
0.424563	0.83150370
0.424623	0.82965820
0.424685	0.82779640
0.424745	0.82594170
0.424807	0.82407780
0.424867	0.82222100
0.424929	0.82035450
0.424990	0.81849460
0.425051	0.82006280
0.425111	0.82233880
0.425173	0.82462540
0.425234	0.82690200
0.425295	0.82919100
0.425356	0.83148220
0.425417	0.83376490
0.425478	0.83605030
0.425539	0.83833470
0.425600	0.84063080
0.425661	0.84291980
0.425722	0.84521040
0.425783	0.84750190
0.425844	0.84980530
0.425906	0.85210810
0.425966	0.85440340
0.426028	0.85471220
0.426089	0.85262150
0.426150	0.85052130
0.426211	0.84842620
0.426273	0.84632060
0.426334	0.84422150
0.426395	0.84211170
0.426456	0.84001110
0.426517	0.83790030
0.426578	0.83579400
0.426640	0.83368750
0.426701	0.83157210
0.426762	0.82946250
0.426823	0.82735070
0.426884	0.82523610
0.426946	0.82311450
0.427007	0.82146730
0.427068	0.82346420
0.427130	0.82545430
0.427191	0.82745510
0.427252	0.82945620
0.427314	0.83145110
0.427375	0.83345380
0.427436	0.83544980
0.427498	0.83745470
0.427559	0.83945420
0.427621	0.84146140
0.427682	0.84345550
0.427743	0.84546530
0.427805	0.84747580
0.427866	0.84948350
0.427927	0.85149090
0.427989	0.85349610
0.428050	0.85268400
0.428112	0.85124050
0.428173	0.84978990
0.428235	0.84834430
0.428296	0.84689100
0.428357	0.84544400
0.428419	0.84399160
0.428481	0.84253600
0.428542	0.84108660
0.428604	0.83963160
0.428665	0.83818010
0.428727	0.83672200
0.428788	0.83527360
0.428850	0.83381400
0.428911	0.83236030
0.428973	0.83090550
0.429034	0.83039240
0.429096	0.83063270
0.429158	0.83087470
0.429219	0.83111530
0.429281	0.83135640
0.429342	0.83159680
0.429404	0.83183850
0.429466	0.83207940
0.429527	0.83232140
0.429589	0.83256290
0.429651	0.83280540
0.429712	0.83304620
0.429774	0.83328950
0.429836	0.83353290
0.429897	0.83377460
0.429959	0.83401610
0.430021	0.83361030
0.430082	0.83192620
0.430144	0.83023460
0.430206	0.82854860
0.430268	0.82685990
0.430329	0.82516590
0.430391	0.82347120
0.430453	0.82178080
0.430515	0.82008290
0.430577	0.81838990
0.430639	0.81669100
0.430700	0.81500380
0.430762	0.81329630
0.430824	0.81160100
0.430886	0.80989780
0.430947	0.80820700
0.431009	0.80710050
0.431071	0.80935970
0.431133	0.81162960
0.431195	0.81389270
0.431257	0.81616610
0.431319	0.81843410
0.431381	0.82070280
0.431443	0.82298210
0.431504	0.82524470
0.431566	0.82753550
0.431628	0.82980910
0.431690	0.83209460
0.431752	0.83438170
0.431814	0.83665230
0.431877	0.83895190
0.431938	0.84123340
0.432001	0.84350830
0.432062	0.84341960
0.432124	0.84332990
0.432186	0.84323900
0.432248	0.84314940
0.432310	0.84306030
0.432373	0.84297040
0.432435	0.84288070
0.432496	0.84279050
0.432559	0.84269960
0.432620	0.84260930
0.432683	0.84251810
0.432745	0.84242720
0.432807	0.84233570
0.432869	0.84224680
0.432931	0.84215590
0.432993	0.84206380
0.433056	0.84330210
0.433118	0.84469720
0.433180	0.84608340
0.433242	0.84748200
0.433304	0.84887430
0.433366	0.85027270
0.433429	0.85166700
0.433491	0.85306750
0.433553	0.85445680
0.433615	0.85585850
0.433678	0.85725910
0.433740	0.85865090
0.433802	0.86005400
0.433864	0.86145670
0.433927	0.86286170
0.433989	0.86425570
0.434051	0.86352440
0.434114	0.86231650
0.434176	0.86110660
0.434238	0.85990630
0.434300	0.85869550
0.434363	0.85748290
0.434425	0.85627450
0.434488	0.85506150
0.434550	0.85385250
0.434612	0.85263790
0.434674	0.85143170
0.434737	0.85021460
0.434799	0.84900660
0.434861	0.84778870
0.434924	0.84657050
0.434987	0.84535130
0.435049	0.84692630
0.435111	0.84924510
0.435174	0.85158250
0.435236	0.85392160
0.435299	0.85626180
0.435361	0.85858630
0.435424	0.86092780
0.435486	0.86327110
0.435549	0.86560630
0.435611	0.86794270
0.435674	0.87028890
0.435737	0.87263800
0.435799	0.87496940
0.435861	0.87731730
0.435924	0.87965060
0.435986	0.88200080
0.436049	0.88233870
0.436112	0.88211990
0.436174	0.88189910
0.436237	0.88167970
0.436300	0.88145980
0.436362	0.88123880
0.436425	0.88101750
0.436487	0.88079910
0.436550	0.88057780
0.436613	0.88035560
0.436676	0.88013570
0.436738	0.87991530
0.436801	0.87969400
0.436863	0.87947350
0.436926	0.87925150
0.436989	0.87902950
0.437051	0.88003490
0.437114	0.88131350
0.437177	0.88259030
0.437240	0.88386980
0.437303	0.88514550
0.437365	0.88642230
0.437428	0.88770330
0.437491	0.88898580
0.437554	0.89026460
0.437617	0.89154290
0.437680	0.89282600
0.437742	0.89411070
0.437805	0.89539190
0.437868	0.89667460
0.437931	0.89796170
0.437993	0.89923790
0.438056	0.89862720
0.438119	0.89779740
0.438182	0.89696780
0.438245	0.89613450
0.438308	0.89530080
0.438371	0.89446650
0.438434	0.89363500
0.438497	0.89280170
0.438560	0.89196730
0.438623	0.89113170
0.438686	0.89029830
0.438749	0.88946500
0.438812	0.88862740
0.438875	0.88779140
0.438938	0.88695980
0.439001	0.88614410
0.439064	0.88788730
0.439126	0.88961630
0.439190	0.89135990
0.439252	0.89309740
0.439315	0.89483530
0.439379	0.89657960
0.439442	0.89832480
0.439505	0.90006560
0.439568	0.90181370
0.439631	0.90355570
0.439694	0.90530430
0.439757	0.90705360
0.439820	0.90879590
0.439884	0.91053880
0.439947	0.91229040
0.440010	0.91377080
0.440073	0.91381770
0.440136	0.91386510
0.440199	0.91391210
0.440262	0.91395970
0.440326	0.91400780
0.440389	0.91405600
0.440452	0.91410310
0.440515	0.91414990
0.440579	0.91419710
0.440642	0.91424360
0.440705	0.91429040
0.440768	0.91433950
0.440832	0.91438740
0.440895	0.91443450
0.440958	0.91448260
0.441022	0.91472020
0.441085	0.91532960
0.441148	0.91593920
0.441211	0.91654510
0.441275	0.91715690
0.441338	0.91776380
0.441401	0.91837510
0.441465	0.91898590
0.441528	0.91959530
0.441591	0.92020490
0.441655	0.92081730
0.441718	0.92142930
0.441782	0.92203980
0.441845	0.92265100
0.441909	0.92326560
0.441972	0.92387890
0.442035	0.92312170
0.442099	0.92125840
0.442162	0.91940720
0.442226	0.91754790
0.442289	0.91570250
0.442353	0.91384450
0.442416	0.91198360
0.442479	0.91013730
0.442543	0.90827630
0.442607	0.90641350
0.442670	0.90455930
0.442734	0.90270420
0.442797	0.90084140
0.442861	0.89897630
0.442924	0.89711960
0.442988	0.89526220
0.443052	0.89560590
0.443115	0.89646860
0.443179	0.89732600
0.443243	0.89819270
0.443306	0.89905360
0.443370	0.89991740
0.443433	0.90077480
0.443497	0.90163950
0.443560	0.90249650
0.443624	0.90336110
0.443688	0.90422640
0.443752	0.90509300
0.443815	0.90595630
0.443879	0.90681830
0.443943	0.90768340
0.444006	0.90833000
0.444070	0.90696690
0.444134	0.90561420
0.444198	0.90425680
0.444262	0.90289530
0.444325	0.90154370
0.444389	0.90018050
0.444453	0.89881710
0.444517	0.89745360
0.444580	0.89609950
0.444644	0.89473490
0.444708	0.89337890
0.444772	0.89201190
0.444836	0.89064240
0.444900	0.88927300
0.444963	0.88790890
0.445027	0.88771150
0.445091	0.88909640
0.445155	0.89047270
0.445219	0.89186370
0.445283	0.89324560
0.445347	0.89463140
0.445410	0.89600770
0.445474	0.89739440
0.445539	0.89878330
0.445603	0.90017140
0.445666	0.90154940
0.445730	0.90293800
0.445794	0.90432700
0.445858	0.90570620
0.445922	0.90709600
0.445986	0.90848510
0.446051	0.90828030
0.446114	0.90764720
0.446178	0.90700640
0.446243	0.90636660
0.446306	0.90573270
0.446371	0.90508980
0.446435	0.90445100
0.446499	0.90380950
0.446562	0.90317300
0.446627	0.90253050
0.446691	0.90188810
0.446755	0.90124500
0.446819	0.90060670
0.446883	0.89996320
0.446947	0.89932180
0.447011	0.89902510
0.447076	0.90032320
0.447140	0.90162140
0.447204	0.90291940
0.447268	0.90420810
0.447332	0.90550780
0.447396	0.90679870
0.447461	0.90809930
0.447525	0.90940000
0.447590	0.91070050
0.447654	0.91200230
0.447718	0.91329480
0.447782	0.91459660
0.447847	0.91589990
0.447911	0.91720190
0.447975	0.91849570
0.448039	0.91879470
0.448104	0.91845190
0.448168	0.91811280
0.448232	0.91777050
0.448297	0.91742820
0.448361	0.91708430
0.448425	0.91674360
0.448490	0.91640100
0.448554	0.91606000
0.448618	0.91571600
0.448683	0.91537240
0.448747	0.91502870
0.448811	0.91468740
0.448876	0.91434170
0.448940	0.91399720
0.449005	0.91377310
0.449069	0.91494520
0.449134	0.91612820
0.449198	0.91731230
0.449263	0.91849590
0.449327	0.91967020
0.449392	0.92085490
0.449456	0.92203820
0.449521	0.92321330
0.449585	0.92440050
0.449650	0.92558560
0.449714	0.92676240
0.449779	0.92794890
0.449844	0.92913600
0.449908	0.93032310
0.449972	0.93150000
0.450037	0.93111510
0.450102	0.92956080
0.450167	0.92800460
0.450231	0.92645950
0.450296	0.92490140
0.450360	0.92334300
0.450425	0.92178340
0.450490	0.92023760
0.450554	0.91867680
0.450619	0.91711670
0.450683	0.91556870
0.450748	0.91400740
0.450812	0.91245690
0.450877	0.91089510
0.450942	0.90933230
0.451007	0.90805890
0.451072	0.90913990
0.451136	0.91021330
0.451201	0.91129430
0.451266	0.91237670
0.451331	0.91345460
0.451395	0.91453410
0.451460	0.91561650
0.451525	0.91669960
0.451590	0.91778340
0.451655	0.91885960
0.451720	0.91994340
0.451785	0.92102210
0.451849	0.92210160
0.451914	0.92318240
0.451979	0.92426750
0.452044	0.92384290
0.452109	0.92268950
0.452173	0.92154100
0.452239	0.92038750
0.452303	0.91923800
0.452369	0.91808230
0.452434	0.91692680
0.452498	0.91577540
0.452563	0.91462330
0.452628	0.91346610
0.452693	0.91230730
0.452758	0.91115780
0.452823	0.90999830
0.452888	0.90883820
0.452953	0.90768290
0.453018	0.90764210
0.453083	0.91049250
0.453148	0.91334090
0.453213	0.91620250
0.453278	0.91906410
0.453343	0.92191710
0.453408	0.92476860
0.453473	0.92763420
0.453539	0.93049990
0.453604	0.93336620
0.453669	0.93622130
0.453734	0.93907620
0.453799	0.94194400
0.453865	0.94481400
0.453929	0.94766230
0.453994	0.95053300
0.454060	0.95192680
0.454125	0.95319290
0.454190	0.95445610
0.454255	0.95572000
0.454320	0.95698300
0.454385	0.95825060
0.454451	0.95951850
0.454516	0.96077800
0.454581	0.96204620
0.454647	0.96331620
0.454712	0.96458660
0.454777	0.96585620
0.454842	0.96711720
0.454908	0.96838920
0.454973	0.96965940
0.455039	0.97054520
0.455103	0.97115550
0.455169	0.97177040
0.455234	0.97238300
0.455299	0.97299640
0.455365	0.97361250
0.455430	0.97422790
0.455495	0.97483820
0.455561	0.97545290
0.455626	0.97606920
0.455691	0.97668150
0.455757	0.97729730
0.455823	0.97791250
0.455888	0.97852810
0.455953	0.97914150
0.456019	0.97996560
0.456084	0.98131730
0.456150	0.98266650
0.456215	0.98401180
0.456281	0.98535940
0.456346	0.98671150
0.456412	0.98805880
0.456477	0.98940550
0.456543	0.99075880
0.456608	0.99210760
0.456674	0.99345820
0.456739	0.99481250
0.456805	0.99616720
0.456870	0.99751210
0.456936	0.99886860
0.457002	1.00000000
0.457067	0.99268160
0.457133	0.98538390
0.457198	0.97809040
0.457264	0.97076190
0.457330	0.96343410
0.457395	0.95613410
0.457461	0.94882450
0.457527	0.94152000
0.457592	0.93418310
0.457658	0.92687140
0.457724	0.91953210
0.457789	0.91221900
0.457855	0.90489960
0.457921	0.89755170
0.457986	0.89023480
0.458052	0.89444360
0.458118	0.90167910
0.458184	0.90890910
0.458250	0.91614640
0.458315	0.92333110
0.458381	0.93056980
0.458447	0.93780870
0.458513	0.94505360
0.458579	0.95226740
0.458644	0.95948670
0.458710	0.96670660
0.458776	0.97392690
0.458842	0.98118060
0.458908	0.98843510
0.458974	0.99565760
0.459039	0.99613030
0.459105	0.99206760
0.459171	0.98801600
0.459237	0.98396720
0.459303	0.97989920
0.459369	0.97582750
0.459435	0.97177180
0.459501	0.96771290
0.459567	0.96363910
0.459633	0.95956120
0.459699	0.95549680
0.459765	0.95141620
0.459831	0.94734990
0.459897	0.94327900
0.459963	0.93920790
0.460029	0.93785680
0.460095	0.94003500
0.460161	0.94221250
0.460227	0.94439880
0.460293	0.94658690
0.460359	0.94876670
0.460425	0.95094670
0.460491	0.95313610
0.460557	0.95532660
0.460623	0.95750760
0.460690	0.95968970
0.460756	0.96188140
0.460822	0.96407530
0.460888	0.96625970
0.460954	0.96844750
0.461020	0.96958640
0.461086	0.96835470
0.461152	0.96712030
0.461219	0.96588190
0.461285	0.96464710
0.461351	0.96341360
0.461417	0.96217530
0.461484	0.96094010
0.461550	0.95970590
0.461616	0.95846510
0.461682	0.95722440
0.461749	0.95598360
0.461815	0.95474700
0.461881	0.95351000
0.461948	0.95226800
0.462014	0.95157730
0.462080	0.95293800
0.462147	0.95429820
0.462213	0.95566540
0.462279	0.95702790
0.462345	0.95839170
0.462412	0.95976050
0.462478	0.96112280
0.462544	0.96248740
0.462611	0.96385860
0.462677	0.96522130
0.462744	0.96658590
0.462810	0.96795680
0.462877	0.96932480
0.462943	0.97069770
0.463009	0.97156460
0.463076	0.96939940
0.463143	0.96723460
0.463209	0.96507740
0.463276	0.96290970
0.463342	0.96075010
0.463409	0.95858290
0.463475	0.95642230
0.463541	0.95426070
0.463608	0.95208860
0.463674	0.94993480
0.463741	0.94776350
0.463808	0.94559150
0.463874	0.94342630
0.463941	0.94126160
0.464007	0.93957980
0.464074	0.94184690
0.464141	0.94412210
0.464207	0.94638940
0.464274	0.94866740
0.464340	0.95093560
0.464407	0.95321410
0.464474	0.95548690
0.464541	0.95776660
0.464607	0.96004770
0.464674	0.96231940
0.464741	0.96459320
0.464807	0.96687580
0.464874	0.96914270
0.464941	0.97142660
0.465007	0.97308540
0.465074	0.96970070
0.465141	0.96630130
0.465208	0.96290130
0.465274	0.95951030
0.465341	0.95610760
0.465408	0.95271340
0.465475	0.94930870
0.465542	0.94591410
0.465609	0.94250620
0.465675	0.93910800
0.465742	0.93569620
0.465809	0.93229620
0.465876	0.92889900
0.465943	0.92548300
0.466010	0.92292240
0.466076	0.92533770
0.466143	0.92777260
0.466210	0.93019830
0.466277	0.93262540
0.466344	0.93506320
0.466411	0.93749140
0.466478	0.93993090
0.466545	0.94236240
0.466612	0.94480490
0.466679	0.94724530
0.466746	0.94967890
0.466813	0.95212200
0.466880	0.95455770
0.466947	0.95700280
0.467014	0.95843780
0.467081	0.95607430
0.467148	0.95370180
0.467215	0.95133770
0.467282	0.94897300
0.467349	0.94659840
0.467416	0.94423070
0.467483	0.94186250
0.467550	0.93948600
0.467617	0.93711750
0.467684	0.93474710
0.467752	0.93236740
0.467819	0.92998640
0.467886	0.92761230
0.467953	0.92523880
0.468020	0.92416290
0.468088	0.92611110
0.468155	0.92806120
0.468222	0.93000500
0.468289	0.93194870
0.468356	0.93389890
0.468424	0.93584180
0.468491	0.93778810
0.468558	0.93974060
0.468625	0.94167880
0.468692	0.94363240
0.468760	0.94558800
0.468827	0.94753640
0.468894	0.94948340
0.468962	0.95144110
0.469029	0.95238030
0.469096	0.95198050
0.469164	0.95157970
0.469231	0.95117860
0.469298	0.95077810
0.469366	0.95037700
0.469433	0.94997620
0.469501	0.94957440
0.469568	0.94917140
0.469635	0.94876950
0.469703	0.94836790
0.469770	0.94796500
0.469838	0.94756310
0.469905	0.94716110
0.469972	0.94675810
0.470040	0.94525440
0.470107	0.94298940
0.470175	0.94071360
0.470242	0.93843770
0.470310	0.93617010
0.470377	0.93390230
0.470445	0.93162480
0.470512	0.92934500
0.470580	0.92707250
0.470647	0.92479970
0.470715	0.92251590
0.470782	0.92024050
0.470850	0.91796330
0.470918	0.91567660
0.470985	0.91338930
0.471053	0.91499600
0.471120	0.91767360
0.471188	0.92034940
0.471256	0.92302800
0.471323	0.92571600
0.471391	0.92840700
0.471459	0.93108510
0.471526	0.93376500
0.471594	0.93645430
0.471662	0.93914430
0.471730	0.94183420
0.471797	0.94451560
0.471865	0.94719540
0.471933	0.94988780
0.472000	0.95254830
0.472068	0.95071370
0.472136	0.94887060
0.472204	0.94703440
0.472272	0.94519070
0.472339	0.94335300
0.472407	0.94151400
0.472474	0.93967630
0.472543	0.93782890
0.472610	0.93597940
0.472678	0.93413620
0.472746	0.93229290
0.472814	0.93044170
0.472882	0.92859090
0.472950	0.92673900
0.473017	0.92589840
0.473085	0.92793910
0.473154	0.92998100
0.473221	0.93201480
0.473289	0.93405150
0.473357	0.93609500
0.473425	0.93813150
0.473493	0.94016820
0.473561	0.94221330
0.473629	0.94425300
0.473697	0.94629220
0.473765	0.94834080
0.473833	0.95038810
0.473901	0.95242940
0.473969	0.95447180
0.474037	0.95511850
0.474105	0.95458380
0.474173	0.95404720
0.474241	0.95351520
0.474309	0.95297910
0.474377	0.95244330
0.474445	0.95191070
0.474514	0.95137230
0.474582	0.95083520
0.474650	0.95030030
0.474718	0.94976510
0.474786	0.94922680
0.474854	0.94869270
0.474922	0.94815480
0.474990	0.94761670
0.475059	0.94947940
0.475127	0.95171820
0.475195	0.95397430
0.475263	0.95623150
0.475332	0.95848940
0.475400	0.96074780
0.475468	0.96299060
0.475536	0.96525090
0.475605	0.96751410
0.475673	0.96976140
0.475741	0.97202450
0.475809	0.97427920
0.475878	0.97654580
0.475946	0.97880300
0.476014	0.97966340
0.476082	0.97518540
0.476151	0.97067390
0.476219	0.96615890
0.476288	0.96164250
0.476356	0.95716000
0.476424	0.95263770
0.476493	0.94811670
0.476561	0.94359310
0.476629	0.93910370
0.476698	0.93457760
0.476766	0.93004640
0.476835	0.92551840
0.476903	0.92100640
0.476972	0.91648840
0.477040	0.91314650
0.477108	0.91063930
0.477177	0.90812360
0.477245	0.90561500
0.477314	0.90310300
0.477382	0.90058150
0.477451	0.89805960
0.477519	0.89554460
0.477588	0.89303080
0.477657	0.89050440
0.477725	0.88797690
0.477794	0.88545810
0.477862	0.88293880
0.477931	0.88040730
0.478000	0.87787490
0.478068	0.86167210
0.478137	0.84535000
0.478206	0.82908240
0.478274	0.81281220
0.478343	0.79652620
0.478411	0.78017870
0.478480	0.76394420
0.478548	0.74759100
0.478617	0.73122320
0.478686	0.71485100
0.478755	0.69853450
0.478823	0.68221460
0.478892	0.66583360
0.478961	0.64943780
0.479030	0.63550420
0.479098	0.62471880
0.479167	0.61389220
0.479236	0.60305560
0.479305	0.59226270
0.479373	0.58146740
0.479442	0.57066150
0.479511	0.55980650
0.479580	0.54899490
0.479649	0.53813580
0.479717	0.52735840
0.479786	0.51649330
0.479855	0.50562640
0.479924	0.49478750
0.479993	0.48395360
0.480062	0.46926240
0.480131	0.45413090
0.480200	0.43898390
0.480269	0.42389730
0.480338	0.40880630
0.480407	0.39364680
0.480476	0.37847110
0.480545	0.36335540
0.480614	0.34823520
0.480682	0.33311080
0.480751	0.31797140
0.480820	0.30277340
0.480890	0.28756040
0.480958	0.27246080
0.481027	0.25974600
0.481097	0.25080450
0.481166	0.24189220
0.481235	0.23297690
0.481304	0.22402090
0.481373	0.21506210
0.481442	0.20613230
0.481511	0.19720610
0.481580	0.18823260
0.481650	0.17925640
0.481719	0.17031520
0.481788	0.16133320
0.481857	0.15238020
0.481926	0.14342440
0.481995	0.13446560
0.482064	0.12931790
0.482134	0.12446970
0.482202	0.11965380
0.482272	0.11480220
0.482341	0.10994540
0.482410	0.10510390
0.482479	0.10026410
0.482549	0.09539860
0.482618	0.09053490
0.482688	0.08568330
0.482757	0.08083330
0.482826	0.07596090
0.482895	0.07108330
0.482965	0.06622470
0.483034	0.06271170
0.483103	0.06059240
0.483173	0.05847940
0.483242	0.05636580
0.483311	0.05424380
0.483381	0.05211950
0.483450	0.05001080
0.483519	0.04788490
0.483589	0.04576560
0.483658	0.04364400
0.483727	0.04151550
0.483797	0.03938470
0.483867	0.03725170
0.483936	0.03512690
0.484005	0.03307870
0.484075	0.03193870
0.484145	0.03079850
0.484214	0.02966290
0.484283	0.02852630
0.484353	0.02738460
0.484422	0.02625150
0.484492	0.02510930
0.484562	0.02396680
0.484631	0.02282340
0.484701	0.02168850
0.484770	0.02054450
0.484840	0.01940510
0.484909	0.01826470
0.484979	0.01711920
0.485049	0.01644730
0.485118	0.01598190
0.485188	0.01551670
0.485257	0.01504910
0.485327	0.01458180
0.485397	0.01411600
0.485467	0.01364810
0.485536	0.01318180
0.485606	0.01271370
0.485675	0.01224890
0.485745	0.01178040
0.485815	0.01131170
0.485885	0.01084490
0.485954	0.01037780
0.486024	0.00997380
0.486094	0.00969420
0.486164	0.00941430
0.486233	0.00913320
0.486303	0.00885200
0.486373	0.00857170
0.486443	0.00829110
0.486513	0.00800930
0.486582	0.00772840
0.486652	0.00744640
0.486722	0.00716530
0.486792	0.00688290
0.486862	0.00660030
0.486932	0.00631970
0.487002	0.00604060
0.487072	0.00591270
0.487142	0.00578510
0.487211	0.00565750
0.487281	0.00552990
0.487351	0.00540220
0.487421	0.00527390
0.487491	0.00514560
0.487561	0.00501730
0.487631	0.00488940
0.487701	0.00476150
0.487771	0.00463310
0.487841	0.00450500
0.487911	0.00437640
0.487981	0.00424830
0.488051	0.00415010
0.488121	0.00406330
0.488191	0.00397650
0.488261	0.00388930
0.488332	0.00380200
0.488402	0.00371510
0.488472	0.00362810
0.488542	0.00354100
0.488612	0.00345400
0.488682	0.00336650
0.488752	0.00327940
0.488822	0.00319190
0.488892	0.00310470
0.488963	0.00301710
0.489033	0.00292960
0.489103	0.00284250
0.489173	0.00275490
