0.657031	0.00202730
0.657094	0.00204570
0.657157	0.00206410
0.657220	0.00208240
0.657284	0.00210070
0.657347	0.00211910
0.657410	0.00213740
0.657473	0.00215580
0.657537	0.00217420
0.657600	0.00219250
0.657663	0.00221090
0.657727	0.00222940
0.657790	0.00224770
0.657853	0.00226610
0.657916	0.00228450
0.657980	0.00230290
0.658043	0.00232140
0.658106	0.00233990
0.658170	0.00235840
0.658233	0.00237700
0.658296	0.00239540
0.658360	0.00241400
0.658423	0.00243260
0.658486	0.00245100
0.658550	0.00246970
0.658614	0.00248830
0.658677	0.00250670
0.658740	0.00252540
0.658803	0.00254390
0.658867	0.00256250
0.658930	0.00258120
0.658994	0.00259970
0.659057	0.00261830
0.659121	0.00263690
0.659184	0.00265540
0.659247	0.00267400
0.659311	0.00269270
0.659374	0.00271120
0.659438	0.00272980
0.659501	0.00274840
0.659565	0.00276700
0.659628	0.00278570
0.659692	0.00280430
0.659755	0.00282300
0.659819	0.00284160
0.659882	0.00286030
0.659945	0.00287890
0.660009	0.00289760
0.660072	0.00291620
0.660136	0.00293510
0.660200	0.00295390
0.660264	0.00297280
0.660327	0.00299140
0.660390	0.00301020
0.660454	0.00302900
0.660518	0.00304780
0.660581	0.00306660
0.660645	0.00308550
0.660708	0.00310430
0.660771	0.00312300
0.660835	0.00314190
0.660899	0.00316080
0.660963	0.00317980
0.661026	0.00319840
0.661090	0.00321720
0.661153	0.00323590
0.661217	0.00325450
0.661281	0.00327320
0.661344	0.00329200
0.661408	0.00331070
0.661472	0.00332950
0.661535	0.00334820
0.661599	0.00336700
0.661663	0.00338580
0.661726	0.00340440
0.661790	0.00342320
0.661854	0.00344210
0.661917	0.00346070
0.661981	0.00347950
0.662045	0.00349830
0.662108	0.00351710
0.662172	0.00353600
0.662236	0.00355480
0.662300	0.00357360
0.662364	0.00359260
0.662427	0.00361130
0.662491	0.00363020
0.662555	0.00364920
0.662618	0.00366790
0.662682	0.00368690
0.662746	0.00370580
0.662810	0.00372450
0.662873	0.00374350
0.662937	0.00376240
0.663001	0.00378130
0.663065	0.00380030
0.663129	0.00381930
0.663192	0.00383820
0.663256	0.00385730
0.663320	0.00387610
0.663384	0.00389520
0.663448	0.00391430
0.663511	0.00393320
0.663576	0.00395230
0.663640	0.00397140
0.663703	0.00399030
0.663767	0.00400940
0.663831	0.00402840
0.663895	0.00404740
0.663959	0.00406650
0.664023	0.00408560
0.664087	0.00410470
0.664151	0.00412370
0.664214	0.00414260
0.664278	0.00416170
0.664342	0.00418080
0.664406	0.00419980
0.664470	0.00421890
0.664534	0.00423800
0.664598	0.00425700
0.664662	0.00427610
0.664726	0.00429520
0.664790	0.00431440
0.664854	0.00433340
0.664918	0.00435250
0.664982	0.00437170
0.665046	0.00439070
0.665110	0.00440950
0.665174	0.00442860
0.665238	0.00444770
0.665302	0.00446670
0.665366	0.00448560
0.665430	0.00450460
0.665494	0.00452370
0.665558	0.00454260
0.665622	0.00456160
0.665686	0.00458070
0.665750	0.00459970
0.665814	0.00461860
0.665878	0.00463770
0.665943	0.00465680
0.666007	0.00467600
0.666070	0.00469530
0.666135	0.00471480
0.666199	0.00473440
0.666263	0.00475370
0.666327	0.00477320
0.666391	0.00479270
0.666455	0.00481220
0.666519	0.00483170
0.666584	0.00485130
0.666648	0.00487080
0.666712	0.00489040
0.666776	0.00490970
0.666840	0.00492940
0.666905	0.00494900
0.666968	0.00496840
0.667033	0.00498780
0.667097	0.00500690
0.667161	0.00502590
0.667226	0.00504500
0.667290	0.00506400
0.667354	0.00508310
0.667418	0.00510220
0.667482	0.00512130
0.667546	0.00514030
0.667611	0.00515950
0.667675	0.00517840
0.667739	0.00519760
0.667804	0.00521680
0.667868	0.00523570
0.667932	0.00525490
0.667997	0.00527410
0.668060	0.00529360
0.668125	0.00531330
0.668189	0.00533280
0.668253	0.00535250
0.668318	0.00537220
0.668382	0.00539180
0.668446	0.00541140
0.668511	0.00543120
0.668575	0.00545070
0.668639	0.00547050
0.668704	0.00549020
0.668768	0.00550980
0.668832	0.00552960
0.668897	0.00554930
0.668961	0.00556890
0.669026	0.00558870
0.669090	0.00560810
0.669155	0.00562770
0.669219	0.00564720
0.669283	0.00566660
0.669348	0.00568620
0.669412	0.00570580
0.669476	0.00572520
0.669541	0.00574480
0.669606	0.00576440
0.669669	0.00578390
0.669734	0.00580350
0.669798	0.00582300
0.669863	0.00584270
0.669928	0.00586220
0.669992	0.00588180
0.670057	0.00590130
0.670121	0.00592060
0.670185	0.00593980
0.670250	0.00595930
0.670315	0.00597880
0.670379	0.00599820
0.670443	0.00601750
0.670508	0.00603700
0.670573	0.00605630
0.670637	0.00607570
0.670702	0.00609510
0.670766	0.00611460
0.670831	0.00613400
0.670895	0.00615340
0.670960	0.00617280
0.671024	0.00619250
0.671089	0.00621270
0.671153	0.00623260
0.671218	0.00625270
0.671283	0.00627290
0.671347	0.00629280
0.671412	0.00631300
0.671477	0.00633300
0.671541	0.00635310
0.671606	0.00637320
0.671671	0.00639340
0.671735	0.00641350
0.671800	0.00643370
0.671864	0.00645370
0.671929	0.00647390
0.671994	0.00649420
0.672058	0.00651390
0.672123	0.00653380
0.672188	0.00655360
0.672252	0.00657330
0.672317	0.00659320
0.672382	0.00661300
0.672446	0.00663280
0.672511	0.00665270
0.672576	0.00667260
0.672641	0.00669240
0.672706	0.00671230
0.672770	0.00673210
0.672835	0.00675200
0.672900	0.00677200
0.672964	0.00679170
0.673029	0.00681150
0.673094	0.00683110
0.673159	0.00685060
0.673224	0.00687020
0.673288	0.00688970
0.673353	0.00690920
0.673418	0.00692890
0.673483	0.00694840
0.673547	0.00696790
0.673612	0.00698760
0.673677	0.00700700
0.673742	0.00702670
0.673807	0.00704640
0.673871	0.00706580
0.673936	0.00708550
0.674001	0.00710510
0.674066	0.00712490
0.674131	0.00714480
0.674196	0.00716460
0.674261	0.00718450
0.674326	0.00720440
0.674391	0.00722420
0.674456	0.00724410
0.674521	0.00726400
0.674585	0.00728370
0.674650	0.00730370
0.674715	0.00732370
0.674780	0.00734340
0.674845	0.00736340
0.674910	0.00738330
0.674975	0.00740330
0.675040	0.00742350
0.675105	0.00744380
0.675170	0.00746430
0.675235	0.00748470
0.675299	0.00750490
0.675365	0.00752550
0.675430	0.00754600
0.675495	0.00756650
0.675560	0.00758680
0.675625	0.00760730
0.675690	0.00762780
0.675755	0.00764820
0.675820	0.00766860
0.675885	0.00768920
0.675950	0.00770970
0.676015	0.00772990
0.676080	0.00774940
0.676145	0.00776880
0.676210	0.00778830
0.676275	0.00780770
0.676340	0.00782720
0.676406	0.00784670
0.676470	0.00786600
0.676536	0.00788560
0.676601	0.00790500
0.676666	0.00792440
0.676731	0.00794390
0.676796	0.00796340
0.676861	0.00798280
0.676927	0.00800240
0.676991	0.00802170
0.677057	0.00804200
0.677122	0.00806240
0.677187	0.00808250
0.677252	0.00810290
0.677318	0.00812340
0.677382	0.00814350
0.677448	0.00816390
0.677513	0.00818430
0.677578	0.00820460
0.677644	0.00822500
0.677709	0.00824530
0.677774	0.00826570
0.677839	0.00828610
0.677904	0.00830640
0.677969	0.00832680
0.678035	0.00834730
0.678100	0.00836750
0.678165	0.00838790
0.678231	0.00840830
0.678296	0.00842850
0.678361	0.00844890
0.678426	0.00846930
0.678491	0.00848960
0.678557	0.00851010
0.678622	0.00853040
0.678688	0.00855080
0.678753	0.00857120
0.678818	0.00859150
0.678883	0.00861200
0.678949	0.00863250
0.679014	0.00865270
0.679080	0.00867290
0.679145	0.00869310
0.679210	0.00871310
0.679276	0.00873330
0.679341	0.00875340
0.679406	0.00877360
0.679472	0.00879380
0.679537	0.00881390
0.679603	0.00883410
0.679668	0.00885420
0.679733	0.00887430
0.679799	0.00889450
0.679864	0.00891480
0.679929	0.00893480
0.679995	0.00895510
0.680060	0.00912930
0.680126	0.00931750
0.680191	0.00950460
0.680257	0.00969170
0.680323	0.00988010
0.680388	0.01006730
0.680453	0.01025350
0.680519	0.01044200
0.680584	0.01063030
0.680650	0.01081890
0.680715	0.01100530
0.680781	0.01119390
0.680847	0.01138250
0.680912	0.01156910
0.680977	0.01175680
0.681043	0.01198450
0.681108	0.01223160
0.681174	0.01247860
0.681240	0.01272720
0.681305	0.01297430
0.681371	0.01322300
0.681436	0.01346880
0.681502	0.01371770
0.681568	0.01396640
0.681633	0.01421250
0.681699	0.01446150
0.681765	0.01471040
0.681830	0.01495660
0.681895	0.01520410
0.681961	0.01545340
0.682027	0.01574570
0.682092	0.01610630
0.682158	0.01646490
0.682223	0.01682350
0.682289	0.01718430
0.682355	0.01754120
0.682421	0.01790250
0.682486	0.01826350
0.682552	0.01862060
0.682618	0.01898210
0.682684	0.01934370
0.682749	0.01970100
0.682815	0.02006270
0.682880	0.02042260
0.682946	0.02078260
0.683012	0.02115580
0.683078	0.02157750
0.683143	0.02199930
0.683209	0.02242370
0.683274	0.02284320
0.683340	0.02326810
0.683406	0.02369280
0.683472	0.02411280
0.683538	0.02453760
0.683603	0.02496030
0.683669	0.02538300
0.683735	0.02580840
0.683801	0.02623160
0.683867	0.02665450
0.683933	0.02708010
0.683998	0.02750110
0.684064	0.02804680
0.684130	0.02859610
0.684196	0.02913910
0.684262	0.02968850
0.684328	0.03023790
0.684393	0.03078140
0.684459	0.03133090
0.684525	0.03187760
0.684591	0.03242770
0.684657	0.03297450
0.684723	0.03352130
0.684789	0.03407150
0.684855	0.03461840
0.684920	0.03516250
0.684986	0.03571260
0.685052	0.03637520
0.685118	0.03705880
0.685184	0.03775060
0.685250	0.03844260
0.685316	0.03913060
0.685382	0.03981930
0.685448	0.04050750
0.685514	0.04120050
0.685580	0.04188890
0.685646	0.04257800
0.685712	0.04326720
0.685778	0.04396060
0.685844	0.04465410
0.685910	0.04534010
0.685976	0.04603430
0.686042	0.04681850
0.686108	0.04764470
0.686174	0.04848090
0.686240	0.04931240
0.686306	0.05014410
0.686372	0.05097670
0.686438	0.05181370
0.686504	0.05264660
0.686571	0.05348410
0.686636	0.05431250
0.686702	0.05515100
0.686769	0.05598970
0.686835	0.05681930
0.686901	0.05765840
0.686967	0.05849770
0.687033	0.05948210
0.687099	0.06062760
0.687165	0.06178000
0.687231	0.06292580
0.687298	0.06407860
0.687364	0.06522480
0.687430	0.06637120
0.687496	0.06752530
0.687562	0.06866610
0.687628	0.06981970
0.687695	0.07097440
0.687760	0.07211650
0.687827	0.07327150
0.687893	0.07442650
0.687959	0.07556820
0.688026	0.07682190
0.688092	0.07822430
0.688158	0.07962680
0.688224	0.08103670
0.688290	0.08244080
0.688356	0.08384400
0.688423	0.08525580
0.688489	0.08665240
0.688555	0.08806470
0.688622	0.08947840
0.688688	0.09087560
0.688754	0.09228960
0.688820	0.09369560
0.688886	0.09510190
0.688953	0.09651790
0.689019	0.09789740
0.689085	0.09921080
0.689152	0.10053200
0.689218	0.10184570
0.689284	0.10315960
0.689351	0.10448130
0.689417	0.10578760
0.689484	0.10711050
0.689550	0.10843260
0.689616	0.10974040
0.689683	0.11106390
0.689749	0.11237950
0.689815	0.11370300
0.689882	0.11501910
0.689948	0.11633530
0.690015	0.11779020
0.690081	0.11969160
0.690147	0.12158200
0.690214	0.12349350
0.690280	0.12540690
0.690346	0.12729940
0.690413	0.12921310
0.690480	0.13112730
0.690546	0.13303180
0.690612	0.13493510
0.690679	0.13684020
0.690745	0.13875680
0.690812	0.14066240
0.690878	0.14256830
0.690945	0.14448700
0.691011	0.14633590
0.691078	0.14791520
0.691144	0.14947750
0.691211	0.15105870
0.691278	0.15264060
0.691344	0.15420460
0.691410	0.15578860
0.691477	0.15736250
0.691543	0.15893820
0.691610	0.16051350
0.691677	0.16209960
0.691743	0.16367690
0.691810	0.16526410
0.691876	0.16684220
0.691943	0.16842090
0.692010	0.17009080
0.692076	0.17220390
0.692143	0.17434370
0.692210	0.17648380
0.692276	0.17859900
0.692342	0.18072690
0.692409	0.18286750
0.692476	0.18499590
0.692543	0.18713860
0.692609	0.18926760
0.692676	0.19139820
0.692743	0.19354140
0.692809	0.19567240
0.692876	0.19780390
0.692943	0.19994790
0.693009	0.20209580
0.693076	0.20444850
0.693143	0.20680300
0.693209	0.20913030
0.693276	0.21148480
0.693343	0.21382570
0.693409	0.21616680
0.693476	0.21852180
0.693543	0.22086490
0.693609	0.22320660
0.693677	0.22556340
0.693743	0.22789290
0.693810	0.23025000
0.693877	0.23260750
0.693943	0.23493750
0.694010	0.23729980
0.694077	0.23967690
0.694144	0.24202840
0.694210	0.24440620
0.694277	0.24677280
0.694344	0.24914150
0.694411	0.25152260
0.694478	0.25389050
0.694545	0.25627250
0.694612	0.25864300
0.694678	0.26100060
0.694745	0.26338390
0.694812	0.26576930
0.694879	0.26812990
0.694946	0.27051680
0.695012	0.27296400
0.695080	0.27574970
0.695146	0.27852100
0.695213	0.28129190
0.695280	0.28407970
0.695347	0.28685070
0.695414	0.28962170
0.695481	0.29239310
0.695548	0.29518020
0.695615	0.29793650
0.695682	0.30072580
0.695749	0.30351320
0.695816	0.30630240
0.695883	0.30905900
0.695949	0.31183340
0.696017	0.31471230
0.696084	0.31784530
0.696150	0.32098120
0.696218	0.32413510
0.696285	0.32727120
0.696352	0.33040720
0.696418	0.33354280
0.696486	0.33669670
0.696553	0.33985120
0.696619	0.34297120
0.696687	0.34612560
0.696754	0.34928200
0.696821	0.35240180
0.696888	0.35554040
0.696955	0.35869700
0.697022	0.36154020
0.697089	0.36378490
0.697156	0.36601890
0.697223	0.36825150
0.697291	0.37049910
0.697357	0.37272080
0.697425	0.37496880
0.697492	0.37721660
0.697559	0.37944120
0.697626	0.38168980
0.697694	0.38393960
0.697760	0.38616490
0.697827	0.38841630
0.697895	0.39065370
0.697962	0.39289190
0.698029	0.39534130
0.698096	0.39803920
0.698163	0.40073530
0.698231	0.40344960
0.698297	0.40613330
0.698365	0.40884920
0.698432	0.41156570
0.698499	0.41425110
0.698566	0.41696870
0.698634	0.41967310
0.698701	0.42237650
0.698768	0.42509840
0.698835	0.42780480
0.698902	0.43051190
0.698970	0.43323560
0.699037	0.43611460
0.699104	0.43917660
0.699172	0.44223830
0.699239	0.44526710
0.699306	0.44833170
0.699374	0.45139760
0.699441	0.45442790
0.699508	0.45749390
0.699575	0.46054300
0.699643	0.46359440
0.699710	0.46666150
0.699777	0.46971410
0.699845	0.47278460
0.699912	0.47583780
0.699979	0.47887380
0.700047	0.48201970
0.700115	0.48520120
0.700181	0.48834380
0.700249	0.49152520
0.700317	0.49470670
0.700384	0.49787070
0.700451	0.50103330
0.700519	0.50419530
0.700586	0.50737650
0.700654	0.51054130
0.700721	0.51370390
0.700788	0.51686860
0.700856	0.52005180
0.700923	0.52319820
0.700991	0.52638080
0.701058	0.52895520
0.701126	0.53143410
0.701193	0.53388350
0.701261	0.53636160
0.701328	0.53882560
0.701396	0.54128930
0.701463	0.54375330
0.701531	0.54623220
0.701598	0.54869690
0.701665	0.55116270
0.701733	0.55362690
0.701801	0.55610780
0.701869	0.55858890
0.701936	0.56104110
0.702003	0.56351170
0.702071	0.56579370
0.702138	0.56805100
0.702206	0.57031950
0.702274	0.57260280
0.702341	0.57487350
0.702409	0.57715650
0.702477	0.57942960
0.702544	0.58170060
0.702612	0.58398500
0.702679	0.58624490
0.702747	0.58853010
0.702815	0.59081760
0.702882	0.59307810
0.702950	0.59536510
0.703018	0.59776650
0.703085	0.60045780
0.703153	0.60318100
0.703220	0.60589060
0.703288	0.60860040
0.703356	0.61132450
0.703423	0.61403490
0.703491	0.61674520
0.703559	0.61947430
0.703626	0.62216940
0.703694	0.62489470
0.703762	0.62762420
0.703829	0.63032240
0.703898	0.63305250
0.703965	0.63576620
0.704033	0.63801100
0.704101	0.63976510
0.704168	0.64150980
0.704236	0.64325570
0.704304	0.64501060
0.704372	0.64675530
0.704439	0.64850070
0.704507	0.65025640
0.704575	0.65199120
0.704643	0.65374790
0.704711	0.65550320
0.704778	0.65723920
0.704846	0.65899570
0.704914	0.66074110
0.704982	0.66248690
0.705050	0.66441330
0.705118	0.66639220
0.705186	0.66838140
0.705254	0.67036030
0.705321	0.67232580
0.705389	0.67431590
0.705457	0.67630660
0.705525	0.67827480
0.705593	0.68026510
0.705661	0.68225730
0.705729	0.68423660
0.705797	0.68621690
0.705864	0.68819580
0.705933	0.69018820
0.706000	0.69217050
0.706068	0.69440430
0.706136	0.69665140
0.706204	0.69888320
0.706272	0.70110530
0.706340	0.70335050
0.706408	0.70559690
0.706477	0.70784410
0.706544	0.71006480
0.706612	0.71231090
0.706680	0.71454570
0.706748	0.71677870
0.706816	0.71901290
0.706884	0.72125750
0.706952	0.72349140
0.707020	0.72552740
0.707088	0.72710180
0.707156	0.72866720
0.707225	0.73024160
0.707292	0.73179830
0.707360	0.73337220
0.707429	0.73494730
0.707497	0.73650480
0.707565	0.73807170
0.707633	0.73964810
0.707701	0.74121460
0.707769	0.74279050
0.707837	0.74435840
0.707905	0.74592590
0.707974	0.74750360
0.708042	0.74929440
0.708110	0.75122590
0.708178	0.75316940
0.708246	0.75509210
0.708314	0.75703560
0.708383	0.75897950
0.708450	0.76090210
0.708519	0.76284720
0.708587	0.76478150
0.708655	0.76671600
0.708723	0.76866160
0.708791	0.77059650
0.708860	0.77253170
0.708928	0.77447880
0.708996	0.77640310
0.709064	0.77746270
0.709133	0.77846420
0.709201	0.77945450
0.709269	0.78045570
0.709338	0.78145700
0.709405	0.78244580
0.709474	0.78344720
0.709542	0.78444300
0.709610	0.78543840
0.709679	0.78643920
0.709747	0.78743430
0.709815	0.78843410
0.709884	0.78942930
0.709952	0.79041850
0.710020	0.79162020
0.710089	0.79330560
0.710157	0.79497110
0.710225	0.79665620
0.710294	0.79833380
0.710362	0.80000870
0.710430	0.80169430
0.710499	0.80336960
0.710567	0.80505580
0.710635	0.80673140
0.710704	0.80840630
0.710772	0.81008300
0.710841	0.81176860
0.710909	0.81343580
0.710977	0.81512070
0.711046	0.81703150
0.711115	0.81905310
0.711183	0.82105200
0.711251	0.82306230
0.711320	0.82508500
0.711388	0.82709520
0.711456	0.82910760
0.711525	0.83113120
0.711594	0.83314340
0.711662	0.83515610
0.711730	0.83716990
0.711799	0.83919310
0.711868	0.84121860
0.711936	0.84321940
0.712005	0.84509360
0.712073	0.84485660
0.712141	0.84462120
0.712210	0.84438430
0.712279	0.84414630
0.712347	0.84391040
0.712415	0.84367370
0.712484	0.84343510
0.712553	0.84319790
0.712622	0.84295940
0.712690	0.84272310
0.712759	0.84248450
0.712827	0.84224540
0.712896	0.84200830
0.712965	0.84176870
0.713033	0.84247420
0.713102	0.84416780
0.713170	0.84588160
0.713239	0.84758480
0.713307	0.84928860
0.713376	0.85100080
0.713445	0.85270530
0.713513	0.85440960
0.713582	0.85612160
0.713651	0.85781560
0.713719	0.85952960
0.713788	0.86124370
0.713857	0.86293900
0.713926	0.86465170
0.713994	0.86635580
0.714063	0.86738140
0.714132	0.86834950
0.714200	0.86931230
0.714269	0.87027460
0.714338	0.87124430
0.714406	0.87220330
0.714475	0.87317030
0.714544	0.87413830
0.714613	0.87509620
0.714682	0.87606370
0.714751	0.87703220
0.714819	0.87799080
0.714888	0.87895970
0.714957	0.87992290
0.715025	0.88106650
0.715094	0.88252480
0.715163	0.88397630
0.715232	0.88543470
0.715301	0.88688500
0.715369	0.88832700
0.715439	0.88978630
0.715508	0.89124540
0.715576	0.89268720
0.715645	0.89414680
0.715714	0.89560690
0.715783	0.89704760
0.715852	0.89850590
0.715921	0.89995550
0.715990	0.90141570
0.716059	0.90149840
0.716127	0.90134160
0.716196	0.90118540
0.716265	0.90102730
0.716334	0.90087140
0.716403	0.90071390
0.716472	0.90055650
0.716541	0.90039910
0.716610	0.90024290
0.716679	0.90008400
0.716748	0.89992570
0.716817	0.89976750
0.716886	0.89961070
0.716955	0.89945220
0.717024	0.89961040
0.717093	0.90036680
0.717162	0.90111960
0.717231	0.90187790
0.717300	0.90263810
0.717369	0.90338980
0.717438	0.90414920
0.717507	0.90490760
0.717576	0.90565800
0.717645	0.90641360
0.717714	0.90717370
0.717783	0.90792870
0.717852	0.90868360
0.717922	0.90944270
0.717990	0.91019800
0.718060	0.91083740
0.718128	0.91145000
0.718198	0.91207090
0.718267	0.91269090
0.718336	0.91330350
0.718405	0.91392210
0.718475	0.91454380
0.718543	0.91515830
0.718613	0.91577960
0.718682	0.91639690
0.718751	0.91701350
0.718820	0.91763370
0.718889	0.91825120
0.718958	0.91887040
0.719028	0.91960660
0.719097	0.92050120
0.719166	0.92140780
0.719235	0.92231320
0.719304	0.92320860
0.719374	0.92411560
0.719443	0.92501700
0.719512	0.92591840
0.719581	0.92682620
0.719651	0.92772780
0.719720	0.92862940
0.719789	0.92953720
0.719858	0.93043930
0.719928	0.93134190
0.719997	0.93224890
0.720066	0.93334410
0.720135	0.93446010
0.720205	0.93557590
0.720274	0.93667880
0.720344	0.93779370
0.720413	0.93890310
0.720482	0.94001320
0.720552	0.94112970
0.720621	0.94223970
0.720690	0.94335640
0.720760	0.94446740
0.720828	0.94557100
0.720898	0.94668700
0.720968	0.94780360
0.721037	0.94844990
0.721106	0.94869730
0.721176	0.94894430
0.721245	0.94918880
0.721315	0.94943580
0.721384	0.94968080
0.721454	0.94992690
0.721523	0.95017240
0.721592	0.95041740
0.721662	0.95066330
0.721731	0.95090820
0.721800	0.95115210
0.721870	0.95139880
0.721940	0.95164470
0.722010	0.95195200
0.722078	0.95264060
0.722148	0.95333600
0.722218	0.95402670
0.722287	0.95471770
0.722356	0.95540910
0.722426	0.95610440
0.722496	0.95679420
0.722565	0.95748570
0.722635	0.95818130
0.722704	0.95887280
0.722774	0.95956650
0.722843	0.96025360
0.722913	0.96094860
0.722983	0.96164410
0.723052	0.96170080
0.723121	0.96154900
0.723191	0.96139800
0.723261	0.96124710
0.723330	0.96109600
0.723400	0.96094330
0.723470	0.96079150
0.723540	0.96063990
0.723609	0.96049030
0.723679	0.96033810
0.723748	0.96018530
0.723818	0.96003430
0.723888	0.95988320
0.723957	0.95973110
0.724027	0.95992220
0.724097	0.96066570
0.724166	0.96140750
0.724236	0.96214900
0.724306	0.96289410
0.724375	0.96363490
0.724445	0.96437540
0.724515	0.96512090
0.724584	0.96585910
0.724654	0.96660500
0.724724	0.96735080
0.724793	0.96808880
0.724863	0.96883330
0.724934	0.96957940
0.725003	0.97026260
0.725073	0.96960810
0.725142	0.96895770
0.725212	0.96830690
0.725282	0.96765260
0.725352	0.96700310
0.725422	0.96635270
0.725492	0.96569780
0.725561	0.96505180
0.725631	0.96439810
0.725701	0.96374340
0.725770	0.96309700
0.725841	0.96244320
0.725910	0.96179350
0.725980	0.96114310
0.726050	0.96154780
0.726120	0.96236720
0.726190	0.96319280
0.726260	0.96401360
0.726330	0.96483460
0.726399	0.96565610
0.726470	0.96648060
0.726539	0.96729730
0.726609	0.96812410
0.726680	0.96894730
0.726749	0.96976360
0.726819	0.97059030
0.726889	0.97141320
0.726959	0.97223770
0.727029	0.97273120
0.727099	0.97276540
0.727169	0.97279890
0.727239	0.97283320
0.727309	0.97286820
0.727379	0.97290100
0.727449	0.97293410
0.727519	0.97296760
0.727589	0.97300100
0.727659	0.97303420
0.727729	0.97306830
0.727799	0.97310240
0.727869	0.97313710
0.727939	0.97317100
0.728009	0.97306630
0.728079	0.97204260
0.728149	0.97101210
0.728219	0.96998830
0.728290	0.96895830
0.728359	0.96794110
0.728430	0.96691100
0.728500	0.96588100
0.728570	0.96486450
0.728640	0.96383500
0.728710	0.96280490
0.728780	0.96178740
0.728850	0.96076290
0.728921	0.95973290
0.728991	0.95871000
0.729061	0.95899260
0.729131	0.95947520
0.729201	0.95995900
0.729272	0.96044450
0.729341	0.96092520
0.729412	0.96141120
0.729482	0.96189640
0.729552	0.96237620
0.729622	0.96286070
0.729693	0.96334340
0.729763	0.96382640
0.729833	0.96431180
0.729903	0.96479540
0.729973	0.96527890
0.730044	0.96615340
0.730114	0.96725120
0.730184	0.96836090
0.730255	0.96947100
0.730324	0.97056810
0.730395	0.97167850
0.730466	0.97279000
0.730535	0.97388770
0.730606	0.97499790
0.730676	0.97610240
0.730746	0.97720640
0.730817	0.97831640
0.730887	0.97942010
0.730957	0.98052560
0.731028	0.98145880
0.731098	0.98211500
0.731169	0.98277790
0.731239	0.98344080
0.731309	0.98409580
0.731380	0.98475890
0.731450	0.98542270
0.731520	0.98607910
0.731591	0.98674280
0.731661	0.98740220
0.731732	0.98806580
0.731802	0.98872660
0.731873	0.98938520
0.731943	0.99004410
0.732014	0.99051060
0.732084	0.99015340
0.732154	0.98979110
0.732225	0.98942800
0.732295	0.98906910
0.732366	0.98870600
0.732436	0.98834320
0.732507	0.98798310
0.732577	0.98762170
0.732648	0.98726030
0.732718	0.98689680
0.732789	0.98653550
0.732859	0.98617490
0.732930	0.98581360
0.733000	0.98544700
0.733070	0.98459060
0.733141	0.98372550
0.733212	0.98285960
0.733283	0.98199250
0.733353	0.98113420
0.733423	0.98027190
0.733494	0.97940640
0.733565	0.97854410
0.733635	0.97768260
0.733706	0.97681800
0.733777	0.97595440
0.733848	0.97508680
0.733918	0.97422980
0.733989	0.97336330
0.734060	0.97419960
0.734130	0.97535130
0.734201	0.97651800
0.734271	0.97768010
0.734342	0.97883280
0.734412	0.97999220
0.734483	0.98115510
0.734554	0.98231420
0.734625	0.98348020
0.734695	0.98463790
0.734766	0.98579540
0.734837	0.98695970
0.734907	0.98811130
0.734978	0.98927740
0.735049	0.98968330
0.735119	0.98974790
0.735190	0.98981220
0.735261	0.98987830
0.735332	0.98994490
0.735403	0.99001060
0.735473	0.99007490
0.735544	0.99014010
0.735615	0.99020690
0.735686	0.99027160
0.735756	0.99033680
0.735827	0.99040250
0.735898	0.99046720
0.735969	0.99053210
0.736040	0.99030080
0.736110	0.98984370
0.736181	0.98938040
0.736252	0.98892000
0.736323	0.98846060
0.736394	0.98799690
0.736465	0.98753510
0.736535	0.98707450
0.736607	0.98661270
0.736677	0.98615380
0.736748	0.98569050
0.736819	0.98522720
0.736890	0.98476870
0.736961	0.98430470
0.737032	0.98457440
0.737103	0.98571620
0.737174	0.98687330
0.737245	0.98802310
0.737316	0.98917980
0.737387	0.99032870
0.737458	0.99147910
0.737529	0.99263590
0.737600	0.99378510
0.737670	0.99492880
0.737741	0.99608620
0.737813	0.99724410
0.737883	0.99838850
0.737955	0.99954580
0.738026	1.00000000
0.738097	0.99922020
0.738168	0.99844000
0.738239	0.99765880
0.738310	0.99687370
0.738381	0.99609440
0.738452	0.99531520
0.738523	0.99453170
0.738594	0.99375060
0.738665	0.99297440
0.738736	0.99219050
0.738807	0.99140630
0.738879	0.99062160
0.738949	0.98984690
0.739020	0.98935690
0.739092	0.98958680
0.739163	0.98981530
0.739234	0.99004450
0.739305	0.99027530
0.739376	0.99050230
0.739448	0.99073230
0.739519	0.99096220
0.739590	0.99119200
0.739661	0.99142120
0.739732	0.99164870
0.739803	0.99188000
0.739875	0.99210900
0.739946	0.99233700
0.740017	0.99257690
0.740088	0.99285270
0.740159	0.99312690
0.740231	0.99340290
0.740302	0.99367730
0.740373	0.99395180
0.740444	0.99422710
0.740515	0.99449900
0.740587	0.99477370
0.740658	0.99505040
0.740729	0.99532280
0.740801	0.99559620
0.740872	0.99587120
0.740943	0.99614300
0.741015	0.99619540
0.741086	0.99538890
0.741157	0.99458260
0.741229	0.99377080
0.741300	0.99296340
0.741371	0.99215700
0.741443	0.99134500
0.741514	0.99054150
0.741585	0.98973020
0.741657	0.98891840
0.741728	0.98811480
0.741799	0.98730120
0.741871	0.98649340
0.741942	0.98568540
0.742014	0.98494830
0.742085	0.98453710
0.742156	0.98412650
0.742228	0.98371340
0.742299	0.98330260
0.742371	0.98289200
0.742442	0.98247770
0.742513	0.98206810
0.742585	0.98165710
0.742657	0.98124290
0.742728	0.98083290
0.742799	0.98042020
0.742871	0.98001130
0.742943	0.97959850
0.743014	0.97929840
0.743085	0.97945730
0.743157	0.97961630
0.743228	0.97977500
0.743300	0.97993460
0.743371	0.98009150
0.743443	0.98025070
0.743514	0.98040820
0.743586	0.98056840
0.743658	0.98072770
0.743730	0.98088650
0.743801	0.98104400
0.743872	0.98120170
0.743944	0.98136070
0.744016	0.98132040
0.744087	0.98056370
0.744159	0.97980230
0.744231	0.97904530
0.744302	0.97829170
0.744373	0.97753070
0.744445	0.97677000
0.744517	0.97600960
0.744588	0.97525840
0.744660	0.97449550
0.744732	0.97373440
0.744803	0.97298280
0.744875	0.97222610
0.744947	0.97146600
0.745019	0.97096790
0.745091	0.97120560
0.745162	0.97144020
0.745234	0.97167490
0.745306	0.97191140
0.745377	0.97214530
0.745449	0.97238310
0.745521	0.97262060
0.745592	0.97285420
0.745664	0.97309070
0.745736	0.97332810
0.745808	0.97356310
0.745880	0.97380010
0.745951	0.97403420
0.746023	0.97412770
0.746095	0.97392210
0.746166	0.97371860
0.746238	0.97351250
0.746310	0.97330690
0.746382	0.97310400
0.746454	0.97289690
0.746526	0.97269020
0.746597	0.97248850
0.746669	0.97228150
0.746741	0.97207660
0.746813	0.97187200
0.746885	0.97166400
0.746957	0.97146000
0.747029	0.97137290
0.747101	0.97146090
0.747172	0.97154840
0.747244	0.97163720
0.747317	0.97172560
0.747388	0.97181190
0.747460	0.97190070
0.747532	0.97198910
0.747604	0.97207600
0.747676	0.97216500
0.747748	0.97225220
0.747820	0.97233920
0.747892	0.97242890
0.747964	0.97251640
0.748036	0.97261970
0.748108	0.97274050
0.748180	0.97286290
0.748252	0.97298420
0.748324	0.97310530
0.748396	0.97322580
0.748468	0.97334880
0.748540	0.97347130
0.748612	0.97359210
0.748684	0.97371150
0.748756	0.97383230
0.748828	0.97395380
0.748900	0.97407400
0.748972	0.97419590
0.749044	0.97443130
0.749117	0.97473980
0.749188	0.97504530
0.749260	0.97535440
0.749333	0.97566370
0.749405	0.97597330
0.749477	0.97627790
0.749549	0.97658430
0.749621	0.97689310
0.749693	0.97720010
0.749765	0.97750770
0.749838	0.97781660
0.749910	0.97812360
0.749981	0.97842920
0.750054	0.97842360
0.750126	0.97830920
0.750199	0.97819470
0.750271	0.97808380
0.750343	0.97797060
0.750416	0.97785670
0.750487	0.97774380
0.750559	0.97763200
0.750632	0.97751870
0.750704	0.97740530
0.750777	0.97729220
0.750849	0.97717820
0.750921	0.97706420
0.750993	0.97695080
0.751065	0.97732700
0.751138	0.97775900
0.751210	0.97819150
0.751282	0.97861790
0.751355	0.97904870
0.751427	0.97947700
0.751499	0.97990480
0.751572	0.98033560
0.751644	0.98076500
0.751716	0.98119400
0.751789	0.98162510
0.751861	0.98205260
0.751933	0.98247990
0.752006	0.98294720
0.752078	0.98384260
0.752150	0.98474700
0.752223	0.98565030
0.752295	0.98654090
0.752368	0.98744580
0.752440	0.98834540
0.752512	0.98924580
0.752585	0.99015070
0.752657	0.99104940
0.752729	0.99194700
0.752802	0.99285210
0.752874	0.99374760
0.752947	0.99465300
0.753020	0.99525310
0.753091	0.99502630
0.753164	0.99479870
0.753237	0.99457060
0.753309	0.99434470
0.753382	0.99411620
0.753454	0.99388830
0.753527	0.99366130
0.753599	0.99343450
0.753672	0.99320480
0.753745	0.99297570
0.753817	0.99274920
0.753889	0.99252390
0.753962	0.99229550
0.754035	0.99230430
0.754107	0.99257090
0.754180	0.99284160
0.754252	0.99311210
0.754325	0.99338080
0.754397	0.99364950
0.754470	0.99391680
0.754543	0.99418830
0.754615	0.99445910
0.754688	0.99472620
0.754761	0.99499640
0.754833	0.99526570
0.754905	0.99553400
0.754978	0.99580350
0.755051	0.99557810
0.755124	0.99514260
0.755196	0.99471260
0.755269	0.99428000
0.755342	0.99384500
0.755414	0.99341210
0.755487	0.99298020
0.755560	0.99254550
0.755633	0.99211270
0.755705	0.99167910
0.755778	0.99124380
0.755851	0.99081120
0.755924	0.99037560
0.755996	0.98994470
0.756069	0.98996300
0.756142	0.99000800
0.756214	0.99005250
0.756287	0.99009740
0.756360	0.99014150
0.756433	0.99018610
0.756506	0.99023200
0.756579	0.99027660
0.756651	0.99031980
0.756724	0.99036350
0.756797	0.99040760
0.756870	0.99045240
0.756943	0.99049610
0.757015	0.99053990
0.757088	0.99058560
0.757161	0.99063280
0.757234	0.99067840
0.757307	0.99072310
0.757380	0.99076800
0.757452	0.99081530
0.757526	0.99086160
0.757598	0.99090510
0.757671	0.99095090
0.757744	0.99099760
0.757817	0.99104330
0.757890	0.99108750
0.757963	0.99113260
0.758036	0.99094500
0.758109	0.99051420
0.758182	0.99008410
0.758255	0.98965320
0.758328	0.98922090
0.758401	0.98879240
0.758474	0.98836230
0.758547	0.98792900
0.758620	0.98749920
0.758693	0.98707150
0.758766	0.98663840
0.758839	0.98620960
0.758912	0.98577650
0.758985	0.98534530
0.759058	0.98493450
0.759131	0.98452340
0.759204	0.98411490
0.759277	0.98370550
0.759350	0.98329320
0.759423	0.98288440
0.759497	0.98247550
0.759570	0.98206560
0.759643	0.98165490
0.759715	0.98124550
0.759789	0.98083560
0.759861	0.98042830
0.759935	0.98001560
0.760008	0.97964930
0.760082	0.97964220
0.760154	0.97963380
0.760227	0.97962460
0.760301	0.97961590
0.760374	0.97960860
0.760447	0.97959880
0.760520	0.97958860
0.760594	0.97958020
0.760666	0.97957090
0.760740	0.97956200
0.760813	0.97955360
0.760887	0.97954370
0.760959	0.97953420
0.761033	0.97967690
0.761106	0.98000710
0.761179	0.98033300
0.761252	0.98066230
0.761326	0.98099320
0.761399	0.98132150
0.761472	0.98165050
0.761546	0.98197960
0.761619	0.98230690
0.761693	0.98263620
0.761765	0.98296230
0.761839	0.98329280
0.761912	0.98362200
0.761985	0.98394580
0.762058	0.98407430
0.762132	0.98415400
0.762205	0.98423200
0.762279	0.98431110
0.762352	0.98438980
0.762425	0.98446860
0.762499	0.98454600
0.762572	0.98462550
0.762646	0.98470440
0.762719	0.98478150
0.762792	0.98485940
0.762866	0.98493750
0.762940	0.98501520
0.763012	0.98500410
0.763086	0.98456540
0.763160	0.98412850
0.763233	0.98369180
0.763307	0.98325200
0.763380	0.98281570
0.763453	0.98237730
0.763527	0.98193670
0.763600	0.98150310
0.763674	0.98106280
0.763748	0.98062300
0.763820	0.98018730
0.763894	0.97974570
0.763968	0.97930680
0.764041	0.97885240
0.764115	0.97837580
0.764188	0.97790230
0.764262	0.97742950
0.764336	0.97695280
0.764409	0.97647760
0.764482	0.97600520
0.764556	0.97552810
0.764629	0.97505740
0.764703	0.97458240
0.764777	0.97410620
0.764850	0.97363420
0.764924	0.97315740
0.764998	0.97268330
0.765071	0.97287730
0.765145	0.97309410
0.765219	0.97331080
0.765293	0.97352620
0.765366	0.97374040
0.765440	0.97395550
0.765513	0.97417090
0.765587	0.97438520
0.765660	0.97459800
0.765734	0.97481460
0.765808	0.97503110
0.765881	0.97524330
0.765955	0.97545930
0.766029	0.97581640
0.766103	0.97639500
0.766177	0.97696960
0.766250	0.97754410
0.766324	0.97812160
0.766398	0.97869580
0.766471	0.97926690
0.766545	0.97984590
0.766619	0.98042390
0.766693	0.98100080
0.766766	0.98157070
0.766840	0.98214790
0.766915	0.98272520
0.766988	0.98329570
0.767062	0.98263170
0.767136	0.98171830
0.767209	0.98080870
0.767283	0.97990100
0.767357	0.97898670
0.767431	0.97807820
0.767505	0.97716550
0.767578	0.97626070
0.767653	0.97534800
0.767727	0.97443600
0.767800	0.97353360
0.767874	0.97262050
0.767948	0.97171290
0.768022	0.97085140
0.768096	0.97009220
0.768170	0.96934080
0.768244	0.96858760
0.768318	0.96783070
0.768392	0.96707930
0.768466	0.96632460
0.768540	0.96556770
0.768613	0.96482000
0.768688	0.96406270
0.768762	0.96330640
0.768835	0.96255900
0.768910	0.96180230
0.768983	0.96105030
0.769057	0.96043860
0.769131	0.95986490
0.769206	0.95929380
0.769279	0.95872490
0.769354	0.95814990
0.769427	0.95758180
0.769502	0.95700890
0.769576	0.95643360
0.769649	0.95586490
0.769724	0.95529140
0.769798	0.95471800
0.769872	0.95415020
0.769946	0.95357740
0.770020	0.95298960
0.770094	0.95235170
0.770168	0.95171150
0.770242	0.95107350
0.770317	0.95043180
0.770391	0.94979610
0.770465	0.94916240
0.770539	0.94852110
0.770613	0.94788000
0.770687	0.94724510
0.770761	0.94660450
0.770836	0.94596460
0.770910	0.94533110
0.770984	0.94468990
0.771058	0.94401240
0.771133	0.94331920
0.771207	0.94262960
0.771281	0.94194090
0.771355	0.94124630
0.771429	0.94055630
0.771503	0.93987310
0.771578	0.93918010
0.771652	0.93848770
0.771726	0.93780290
0.771801	0.93710940
0.771875	0.93642120
0.771949	0.93572880
0.772023	0.93514060
0.772098	0.93476990
0.772172	0.93439640
0.772246	0.93402510
0.772321	0.93365380
0.772395	0.93328150
0.772469	0.93290840
0.772544	0.93253420
0.772618	0.93216620
0.772693	0.93179250
0.772767	0.93141970
0.772841	0.93105060
0.772915	0.93067840
0.772990	0.93030620
0.773064	0.92954780
0.773138	0.92872890
0.773213	0.92790540
0.773288	0.92708510
0.773362	0.92626100
0.773436	0.92544740
0.773511	0.92462460
0.773585	0.92380100
0.773659	0.92298720
0.773734	0.92216390
0.773809	0.92133980
0.773883	0.92052670
0.773958	0.91970360
0.774032	0.91922520
0.774106	0.91919520
0.774181	0.91916410
0.774256	0.91913550
0.774330	0.91910620
0.774405	0.91907480
0.774479	0.91904500
0.774553	0.91901450
0.774628	0.91898430
0.774702	0.91895390
0.774777	0.91892360
0.774852	0.91889360
0.774926	0.91886340
0.775001	0.91883480
0.775075	0.91902890
0.775150	0.91922490
0.775225	0.91942210
0.775299	0.91961620
0.775374	0.91981100
0.775449	0.92000610
0.775523	0.92019960
0.775598	0.92039690
0.775673	0.92059190
0.775747	0.92078410
0.775822	0.92097920
0.775896	0.92117410
0.775971	0.92136760
0.776046	0.92119620
0.776120	0.92079400
0.776195	0.92039040
0.776270	0.91998740
0.776344	0.91958480
0.776419	0.91918270
0.776494	0.91877740
0.776568	0.91837860
0.776643	0.91797440
0.776718	0.91757030
0.776793	0.91717110
0.776868	0.91676700
0.776942	0.91636500
0.777017	0.91613450
0.777092	0.91648130
0.777167	0.91682830
0.777242	0.91717620
0.777316	0.91752230
0.777391	0.91786690
0.777466	0.91821490
0.777541	0.91856260
0.777615	0.91890710
0.777690	0.91925550
0.777765	0.91960360
0.777841	0.91995180
0.777915	0.92029570
0.777990	0.92064130
0.778065	0.92123610
0.778140	0.92186760
0.778214	0.92249900
0.778290	0.92313340
0.778364	0.92376280
0.778440	0.92439590
0.778514	0.92502280
0.778589	0.92565570
0.778664	0.92629050
0.778739	0.92691730
0.778814	0.92755050
0.778889	0.92818170
0.778964	0.92881100
0.779038	0.92922080
0.779114	0.92942320
0.779189	0.92962360
0.779264	0.92982650
0.779338	0.93002640
0.779414	0.93022880
0.779489	0.93043010
0.779563	0.93063010
0.779639	0.93083190
0.779714	0.93103390
0.779789	0.93123360
0.779864	0.93143560
0.779939	0.93163550
0.780014	0.93189120
0.780089	0.93239890
0.780164	0.93290320
0.780239	0.93340790
0.780314	0.93391510
0.780389	0.93441630
0.780464	0.93492460
0.780540	0.93543160
0.780614	0.93593100
0.780690	0.93643830
0.780765	0.93694500
0.780840	0.93744560
0.780915	0.93795220
0.780990	0.93845430
0.781065	0.93851570
0.781141	0.93851170
0.781216	0.93850720
0.781291	0.93850280
0.781366	0.93849810
0.781441	0.93849400
0.781516	0.93849000
0.781592	0.93848590
0.781667	0.93847930
0.781742	0.93847400
0.781818	0.93846990
0.781892	0.93846450
0.781968	0.93845780
0.782043	0.93870560
0.782119	0.93914540
0.782194	0.93958200
0.782269	0.94001860
0.782344	0.94045450
0.782420	0.94089310
0.782494	0.94132950
0.782570	0.94176610
0.782646	0.94220430
0.782720	0.94263720
0.782796	0.94307380
0.782871	0.94350840
0.782947	0.94394590
0.783022	0.94418040
0.783097	0.94393550
0.783173	0.94368900
0.783248	0.94344290
0.783323	0.94319810
0.783399	0.94295150
0.783474	0.94270190
0.783549	0.94245730
0.783625	0.94221000
0.783701	0.94196140
0.783777	0.94171390
0.783851	0.94146970
0.783927	0.94122380
0.784002	0.94100240
0.784078	0.94162380
0.784153	0.94224270
0.784229	0.94286570
0.784304	0.94348530
0.784380	0.94410820
0.784455	0.94472540
0.784531	0.94534880
0.784606	0.94597130
0.784681	0.94658600
0.784757	0.94720800
0.784833	0.94782760
0.784908	0.94844590
0.784983	0.94906320
0.785059	0.94783560
0.785135	0.94610260
0.785211	0.94435860
0.785286	0.94262750
0.785361	0.94089740
0.785437	0.93915680
0.785512	0.93743460
0.785588	0.93569740
0.785664	0.93395780
0.785739	0.93223940
0.785815	0.93050210
0.785891	0.92877510
0.785966	0.92704970
0.786042	0.92650910
0.786118	0.92692460
0.786193	0.92733890
0.786269	0.92775770
0.786344	0.92816950
0.786420	0.92858560
0.786496	0.92900350
0.786571	0.92941430
0.786647	0.92983090
0.786723	0.93024730
0.786798	0.93065830
0.786875	0.93107440
0.786950	0.93148720
0.787026	0.93151460
0.787102	0.93079160
0.787177	0.93007180
0.787253	0.92935150
0.787329	0.92862780
0.787404	0.92791340
0.787480	0.92718960
0.787556	0.92646740
0.787632	0.92575290
0.787708	0.92502970
0.787784	0.92430720
0.787859	0.92359300
0.787935	0.92286960
0.788011	0.92221020
0.788087	0.92189860
0.788163	0.92158720
0.788239	0.92127520
0.788315	0.92096050
0.788390	0.92065030
0.788466	0.92034000
0.788542	0.92002700
0.788618	0.91971420
0.788694	0.91940360
0.788770	0.91909050
0.788845	0.91877820
0.788922	0.91846470
0.788998	0.91815400
0.789073	0.91775090
0.789150	0.91734250
0.789225	0.91693700
0.789301	0.91653150
0.789377	0.91612400
0.789453	0.91571940
0.789529	0.91531650
0.789605	0.91490740
0.789681	0.91449980
0.789758	0.91409290
0.789833	0.91369020
0.789909	0.91328450
0.789985	0.91287700
0.790061	0.91251710
0.790137	0.91216880
0.790213	0.91181840
0.790289	0.91146960
0.790366	0.91111860
0.790441	0.91077190
0.790518	0.91042180
0.790594	0.91007290
0.790669	0.90972570
0.790746	0.90937560
0.790822	0.90902520
0.790898	0.90867940
0.790974	0.90833020
0.791050	0.90791140
0.791126	0.90745960
0.791203	0.90700420
0.791279	0.90655160
0.791355	0.90610100
0.791431	0.90564730
0.791507	0.90519890
0.791583	0.90474410
0.791660	0.90429000
0.791735	0.90384180
0.791812	0.90338870
0.791888	0.90293150
0.791964	0.90248290
0.792041	0.90226140
0.792117	0.90224520
0.792193	0.90222820
0.792269	0.90221000
0.792345	0.90219290
0.792422	0.90217590
0.792498	0.90215710
0.792574	0.90213840
0.792650	0.90211960
0.792727	0.90210120
0.792803	0.90208440
0.792879	0.90206430
0.792956	0.90204630
0.793032	0.90182370
0.793108	0.90131080
0.793185	0.90080190
0.793261	0.90029240
0.793337	0.89977930
0.793414	0.89926970
0.793490	0.89876050
0.793566	0.89824870
0.793642	0.89774150
0.793719	0.89722860
0.793796	0.89671750
0.793872	0.89621160
0.793948	0.89569830
0.794024	0.89529180
0.794101	0.89510480
0.794177	0.89491780
0.794254	0.89472850
0.794331	0.89453910
0.794407	0.89435350
0.794483	0.89416600
0.794560	0.89397640
0.794636	0.89378770
0.794712	0.89360160
0.794789	0.89341230
0.794866	0.89322130
0.794943	0.89303150
0.795019	0.89266650
0.795095	0.89174310
0.795172	0.89081280
0.795248	0.88988900
0.795325	0.88896700
0.795401	0.88803810
0.795478	0.88711370
0.795554	0.88619720
0.795631	0.88527090
0.795708	0.88434350
0.795785	0.88341670
0.795860	0.88249950
0.795937	0.88157280
0.796014	0.88083580
0.796090	0.88092110
0.796167	0.88100700
0.796244	0.88109270
0.796320	0.88117780
0.796397	0.88126340
0.796473	0.88134880
0.796550	0.88143470
0.796627	0.88152090
0.796703	0.88160560
0.796780	0.88169130
0.796857	0.88177520
0.796933	0.88185850
0.797010	0.88185570
0.797087	0.88129210
0.797164	0.88072600
0.797241	0.88015630
0.797317	0.87959110
0.797394	0.87902800
0.797471	0.87845930
0.797547	0.87789700
0.797624	0.87732890
0.797701	0.87676130
0.797777	0.87620030
0.797854	0.87563160
0.797931	0.87506350
0.798008	0.87453350
0.798085	0.87427150
0.798161	0.87401130
0.798238	0.87375140
0.798315	0.87348970
0.798392	0.87322940
0.798469	0.87296890
0.798546	0.87270570
0.798622	0.87244550
0.798699	0.87218160
0.798777	0.87191840
0.798853	0.87165800
0.798930	0.87139290
0.799007	0.87110400
0.799084	0.87060760
0.799161	0.87010450
0.799238	0.86960320
0.799314	0.86910190
0.799392	0.86859730
0.799468	0.86809520
0.799545	0.86759530
0.799622	0.86709170
0.799699	0.86659090
0.799776	0.86608670
0.799853	0.86558210
0.799930	0.86508330
0.800007	0.86459090
0.800084	0.86423480
0.800161	0.86387840
0.800238	0.86352060
0.800315	0.86316420
0.800392	0.86280320
0.800469	0.86244770
0.800546	0.86209410
0.800623	0.86173560
0.800700	0.86137710
0.800777	0.86102180
0.800854	0.86066260
0.800932	0.86030430
0.801009	0.85986350
0.801085	0.85880720
0.801162	0.85774400
0.801240	0.85667480
0.801317	0.85561290
0.801394	0.85455130
0.801471	0.85348320
0.801548	0.85242240
0.801625	0.85136190
0.801703	0.85029520
0.801780	0.84923370
0.801857	0.84816760
0.801934	0.84711270
0.802011	0.84624110
0.802088	0.84651830
0.802165	0.84679320
0.802243	0.84706690
0.802320	0.84734220
0.802397	0.84761750
0.802475	0.84789220
0.802552	0.84816550
0.802629	0.84843910
0.802706	0.84871440
0.802783	0.84898720
0.802861	0.84926150
0.802938	0.84953600
0.803015	0.84969240
0.803092	0.84936790
0.803170	0.84904040
0.803247	0.84871600
0.803324	0.84839060
0.803402	0.84806760
0.803479	0.84774210
0.803556	0.84741540
0.803634	0.84709160
0.803711	0.84676760
0.803789	0.84644050
0.803865	0.84611770
0.803943	0.84579160
0.804021	0.84564210
0.804098	0.84597570
0.804175	0.84631520
0.804252	0.84665270
0.804330	0.84698870
0.804407	0.84732560
0.804485	0.84766130
0.804562	0.84799830
0.804640	0.84833580
0.804717	0.84866970
0.804794	0.84900410
0.804872	0.84933960
0.804949	0.84967120
0.805027	0.84986510
0.805104	0.84978910
0.805181	0.84971080
0.805259	0.84963370
0.805337	0.84955670
0.805414	0.84947870
0.805492	0.84940160
0.805569	0.84932430
0.805647	0.84924530
0.805724	0.84916690
0.805802	0.84908890
0.805879	0.84901180
0.805957	0.84893230
0.806034	0.84896110
0.806112	0.84912590
0.806190	0.84928930
0.806267	0.84945120
0.806345	0.84961550
0.806422	0.84977850
0.806500	0.84993920
0.806578	0.85010070
0.806655	0.85026240
0.806733	0.85042390
0.806811	0.85058340
0.806888	0.85074330
0.806966	0.85090470
0.807044	0.85105330
0.807121	0.85119270
0.807199	0.85133360
0.807276	0.85147310
0.807354	0.85161420
0.807432	0.85175470
0.807510	0.85189450
0.807588	0.85203380
0.807665	0.85217310
0.807743	0.85231220
0.807821	0.85245230
0.807898	0.85259390
0.807977	0.85273280
0.808054	0.85304560
0.808132	0.85344000
0.808209	0.85383140
0.808287	0.85422440
0.808365	0.85461620
0.808443	0.85501040
0.808520	0.85540170
0.808599	0.85579390
0.808676	0.85618570
0.808754	0.85657620
0.808832	0.85696880
0.808910	0.85736060
0.808988	0.85775170
0.809066	0.85774510
0.809143	0.85766410
0.809221	0.85758330
0.809299	0.85750220
0.809377	0.85742140
0.809455	0.85734050
0.809533	0.85725880
0.809610	0.85717600
0.809689	0.85709600
0.809766	0.85701330
0.809844	0.85693110
0.809923	0.85684840
0.810000	0.85676670
0.810078	0.85720290
0.810156	0.85763780
0.810234	0.85806800
0.810312	0.85850460
0.810390	0.85893810
0.810468	0.85937110
0.810546	0.85980690
0.810624	0.86023950
0.810702	0.86067140
0.810780	0.86110690
0.810858	0.86154020
0.810936	0.86197550
0.811014	0.86225910
0.811092	0.86188860
0.811170	0.86151000
0.811248	0.86113460
0.811326	0.86076020
0.811404	0.86038430
0.811482	0.86000850
0.811560	0.85963510
0.811639	0.85925800
0.811717	0.85888180
0.811795	0.85850550
0.811873	0.85813100
0.811951	0.85775640
0.812029	0.85757930
0.812108	0.85773510
0.812185	0.85789060
0.812264	0.85804710
0.812342	0.85820180
0.812420	0.85835670
0.812498	0.85851100
0.812576	0.85866640
0.812655	0.85882100
0.812733	0.85897490
0.812811	0.85912950
0.812890	0.85928400
0.812968	0.85943640
0.813046	0.85930320
0.813124	0.85896960
0.813202	0.85863410
0.813281	0.85829800
0.813359	0.85796510
0.813437	0.85763080
0.813515	0.85729470
0.813594	0.85695840
0.813672	0.85662550
0.813750	0.85628870
0.813829	0.85595370
0.813907	0.85562110
0.813985	0.85528350
0.814064	0.85503660
0.814142	0.85480760
0.814220	0.85458030
0.814299	0.85434870
0.814377	0.85411970
0.814455	0.85389250
0.814534	0.85366370
0.814612	0.85343480
0.814690	0.85320630
0.814769	0.85297630
0.814848	0.85274810
0.814926	0.85251920
0.815005	0.85228250
0.815083	0.85199060
0.815161	0.85169500
0.815240	0.85139880
0.815318	0.85110720
0.815396	0.85081190
0.815475	0.85051620
0.815553	0.85022180
0.815632	0.84992510
0.815710	0.84962930
0.815789	0.84933420
0.815868	0.84903740
0.815946	0.84874260
0.816024	0.84865680
0.816103	0.84903670
0.816181	0.84941270
0.816260	0.84979180
0.816339	0.85017040
0.816417	0.85054410
0.816496	0.85092270
0.816574	0.85129550
0.816653	0.85166950
0.816731	0.85204450
0.816810	0.85241620
0.816889	0.85278920
0.816967	0.85316060
0.817046	0.85299520
0.817125	0.85244760
0.817203	0.85190150
0.817281	0.85136020
0.817360	0.85081200
0.817439	0.85026280
0.817518	0.84972000
0.817597	0.84917220
0.817675	0.84862530
0.817754	0.84807990
0.817833	0.84753050
0.817911	0.84698310
0.817990	0.84643400
0.818069	0.84664060
0.818147	0.84695270
0.818226	0.84726650
0.818305	0.84758100
0.818383	0.84789110
0.818462	0.84820590
0.818541	0.84851950
0.818620	0.84882970
0.818699	0.84914470
0.818777	0.84945640
0.818856	0.84976990
0.818935	0.85008150
0.819014	0.85026480
0.819093	0.84984080
0.819172	0.84941900
0.819250	0.84899770
0.819330	0.84857420
0.819408	0.84815350
0.819487	0.84772750
0.819566	0.84730930
0.819644	0.84688760
0.819724	0.84646370
0.819802	0.84604450
0.819881	0.84562230
0.819960	0.84519930
0.820039	0.84522300
0.820118	0.84569550
0.820197	0.84617220
0.820276	0.84664540
0.820355	0.84711970
0.820434	0.84758960
0.820513	0.84806570
0.820592	0.84853860
0.820670	0.84900850
0.820749	0.84948080
0.820829	0.84995480
0.820908	0.85042590
0.820987	0.85089780
0.821066	0.85049180
0.821145	0.84990990
0.821224	0.84932370
0.821303	0.84873910
0.821382	0.84815730
0.821461	0.84757140
0.821540	0.84699130
0.821619	0.84640600
0.821698	0.84582040
0.821777	0.84524080
0.821856	0.84465400
0.821935	0.84407090
0.822014	0.84354740
0.822094	0.84328980
0.822173	0.84303550
0.822252	0.84278020
0.822331	0.84252210
0.822410	0.84226580
0.822489	0.84201200
0.822569	0.84175370
0.822647	0.84149880
0.822727	0.84124170
0.822806	0.84098630
0.822885	0.84072710
0.822964	0.84046990
0.823043	0.83985520
0.823122	0.83894280
0.823202	0.83802890
0.823281	0.83711920
0.823360	0.83620180
0.823440	0.83529090
0.823519	0.83438140
0.823598	0.83347260
0.823677	0.83255500
0.823756	0.83165050
0.823836	0.83073630
0.823915	0.82982660
0.823994	0.82891600
0.824074	0.82762780
0.824153	0.82631480
0.824232	0.82499640
0.824312	0.82368600
0.824391	0.82237540
0.824470	0.82105630
0.824550	0.81974710
0.824628	0.81844440
0.824708	0.81712710
0.824788	0.81581220
0.824867	0.81451320
0.824946	0.81319750
0.825026	0.81240540
0.825105	0.81269170
0.825185	0.81297470
0.825264	0.81326010
0.825344	0.81354600
0.825423	0.81382880
0.825502	0.81411300
0.825582	0.81439740
0.825661	0.81468130
0.825741	0.81496590
0.825820	0.81524590
0.825900	0.81552850
0.825979	0.81580950
0.826058	0.81556530
0.826138	0.81513200
0.826218	0.81469440
0.826297	0.81426140
0.826376	0.81382820
0.826456	0.81339230
0.826536	0.81295830
0.826616	0.81252170
0.826695	0.81208870
0.826774	0.81165360
0.826854	0.81121800
0.826933	0.81078800
0.827013	0.81029380
0.827093	0.80947960
0.827172	0.80867180
0.827252	0.80786420
0.827331	0.80705120
0.827411	0.80624110
0.827491	0.80543050
0.827570	0.80462250
0.827650	0.80381390
0.827730	0.80300170
0.827809	0.80219980
0.827889	0.80138500
0.827969	0.80057460
0.828048	0.79981000
0.828128	0.79905980
0.828208	0.79831160
0.828287	0.79756650
0.828367	0.79681680
0.828447	0.79607010
0.828526	0.79532410
0.828606	0.79457470
0.828686	0.79382960
0.828766	0.79308320
0.828846	0.79233360
0.828925	0.79159320
0.829005	0.79080860
0.829085	0.78952300
0.829164	0.78823950
0.829244	0.78695010
0.829324	0.78566760
0.829404	0.78438620
0.829484	0.78309880
0.829564	0.78181760
0.829644	0.78053260
0.829724	0.77925400
0.829803	0.77797580
0.829883	0.77669820
0.829963	0.77541570
0.830042	0.77508130
0.830123	0.77556630
0.830202	0.77604840
0.830282	0.77653100
0.830362	0.77701680
0.830442	0.77749660
0.830522	0.77797870
0.830602	0.77846000
0.830682	0.77893920
0.830762	0.77942140
0.830842	0.77990190
0.830922	0.78038080
0.831002	0.78081840
0.831082	0.77951660
0.831161	0.77822640
0.831242	0.77692440
0.831322	0.77563070
0.831402	0.77432820
0.831482	0.77303340
0.831562	0.77174100
0.831642	0.77044140
0.831722	0.76914880
0.831802	0.76785260
0.831882	0.76655440
0.831962	0.76526430
0.832042	0.76481720
0.832122	0.76512470
0.832202	0.76543450
0.832283	0.76574460
0.832362	0.76604890
0.832442	0.76635710
0.832523	0.76666860
0.832603	0.76697440
0.832683	0.76728250
0.832763	0.76759130
0.832843	0.76789840
0.832924	0.76820640
0.833004	0.76844070
0.833084	0.76717790
0.833164	0.76590900
0.833244	0.76465450
0.833324	0.76339240
0.833404	0.76212460
0.833484	0.76086640
0.833565	0.75960640
0.833645	0.75833910
0.833725	0.75708090
0.833806	0.75581580
0.833886	0.75455730
0.833966	0.75330050
0.834047	0.75297760
0.834126	0.75334100
0.834207	0.75370890
0.834287	0.75407600
0.834367	0.75443860
0.834448	0.75480440
0.834528	0.75516740
0.834608	0.75552960
0.834689	0.75589640
0.834769	0.75625890
0.834849	0.75662240
0.834930	0.75698760
0.835010	0.75725500
0.835090	0.75686150
0.835171	0.75646180
0.835251	0.75606780
0.835331	0.75566900
0.835412	0.75526930
0.835492	0.75487340
0.835573	0.75447560
0.835653	0.75407890
0.835733	0.75368280
0.835814	0.75328520
0.835894	0.75288900
0.835975	0.75248940
0.836055	0.75175500
0.836136	0.75086600
0.836216	0.74997310
0.836297	0.74908620
0.836377	0.74820320
0.836458	0.74730930
0.836538	0.74641780
0.836618	0.74553580
0.836699	0.74464290
0.836779	0.74375690
0.836860	0.74286470
0.836941	0.74197680
0.837021	0.74142310
0.837102	0.74180630
0.837182	0.74218380
0.837263	0.74256190
0.837344	0.74294270
0.837424	0.74332020
0.837504	0.74369430
0.837585	0.74407280
0.837666	0.74444820
0.837747	0.74482530
0.837827	0.74519990
0.837908	0.74557200
0.837989	0.74594890
0.838069	0.74609380
0.838150	0.74620080
0.838231	0.74630890
0.838311	0.74641640
0.838392	0.74652610
0.838472	0.74663170
0.838553	0.74673850
0.838634	0.74684550
0.838714	0.74695130
0.838795	0.74705830
0.838876	0.74716480
0.838956	0.74727050
0.839037	0.74735330
0.839118	0.74740860
0.839199	0.74746270
0.839280	0.74751710
0.839360	0.74757090
0.839441	0.74762460
0.839522	0.74767800
0.839602	0.74773010
0.839684	0.74778340
0.839765	0.74783720
0.839845	0.74788970
0.839926	0.74794150
0.840007	0.74797790
0.840088	0.74783470
0.840169	0.74768800
0.840249	0.74754200
0.840330	0.74739550
0.840411	0.74724630
0.840492	0.74709970
0.840573	0.74695310
0.840654	0.74680510
0.840734	0.74665930
0.840816	0.74651110
0.840896	0.74636230
0.840977	0.74621300
0.841058	0.74622350
0.841139	0.74629590
0.841220	0.74636740
0.841301	0.74644030
0.841382	0.74651220
0.841463	0.74658370
0.841544	0.74665530
0.841625	0.74672570
0.841706	0.74679600
0.841787	0.74686650
0.841868	0.74693530
0.841949	0.74700430
0.842030	0.74675560
0.842111	0.74596770
0.842192	0.74517380
0.842273	0.74438310
0.842354	0.74359470
0.842435	0.74280260
0.842516	0.74201360
0.842598	0.74122220
0.842679	0.74043490
0.842759	0.73965050
0.842841	0.73885730
0.842922	0.73806550
0.843003	0.73728080
0.843084	0.73639800
0.843165	0.73551750
0.843247	0.73463300
0.843327	0.73375540
0.843409	0.73287810
0.843490	0.73199460
0.843571	0.73111920
0.843652	0.73024250
0.843734	0.72936100
0.843815	0.72848550
0.843895	0.72761690
0.843977	0.72673580
0.844058	0.72578870
0.844140	0.72482140
0.844221	0.72385400
0.844302	0.72288850
0.844383	0.72191570
0.844465	0.72094780
0.844546	0.71998010
0.844627	0.71900810
0.844708	0.71804270
0.844790	0.71707110
0.844871	0.71610660
0.844952	0.71514160
0.845034	0.71398190
0.845115	0.71257120
0.845196	0.71115240
0.845277	0.70972730
0.845359	0.70831050
0.845440	0.70689610
0.845522	0.70547190
0.845603	0.70405790
0.845685	0.70263770
0.845766	0.70122360
0.845847	0.69981030
0.845929	0.69838980
0.846010	0.69702980
0.846091	0.69598840
0.846173	0.69494580
0.846254	0.69391450
0.846335	0.69288050
0.846417	0.69184070
0.846498	0.69080720
0.846580	0.68976680
0.846661	0.68873350
0.846743	0.68770070
0.846825	0.68666210
0.846906	0.68563040
0.846987	0.68459920
0.847069	0.68337430
0.847150	0.68213060
0.847232	0.68087280
0.847313	0.67962060
0.847395	0.67837100
0.847477	0.67711690
0.847558	0.67586680
0.847640	0.67461760
0.847722	0.67336250
0.847803	0.67211510
0.847884	0.67086590
0.847966	0.66961260
0.848048	0.66828770
0.848129	0.66690680
0.848211	0.66551810
0.848292	0.66414200
0.848374	0.66275070
0.848456	0.66136700
0.848537	0.65998350
0.848619	0.65859240
0.848701	0.65720730
0.848782	0.65582300
0.848864	0.65443040
0.848946	0.65304600
0.849028	0.65114310
0.849109	0.64826350
0.849191	0.64539000
0.849273	0.64251890
0.849355	0.63963110
0.849436	0.63678440
0.849518	0.63390260
0.849600	0.63103850
0.849682	0.62816640
0.849763	0.62530940
0.849845	0.62245510
0.849927	0.61958650
0.850009	0.61668880
0.850090	0.61337170
0.850173	0.61003860
0.850254	0.60672760
0.850335	0.60343540
0.850417	0.60011030
0.850500	0.59678240
0.850582	0.59346100
0.850663	0.59017570
0.850745	0.58687350
0.850827	0.58355440
0.850909	0.58025720
0.850991	0.57696230
0.851073	0.57203140
0.851155	0.56692340
0.851237	0.56178730
0.851319	0.55667850
0.851400	0.55157830
0.851483	0.54644300
0.851564	0.54137240
0.851646	0.53627350
0.851728	0.53115260
0.851810	0.52605910
0.851892	0.52096700
0.851974	0.51584700
0.852056	0.50978110
0.852138	0.50322540
0.852220	0.49670430
0.852302	0.49019480
0.852384	0.48365180
0.852466	0.47718150
0.852548	0.47063790
0.852631	0.46410630
0.852712	0.45764800
0.852794	0.45115490
0.852876	0.44462800
0.852958	0.43814380
0.853041	0.43108110
0.853123	0.42351200
0.853205	0.41594280
0.853287	0.40834340
0.853369	0.40079810
0.853451	0.39325200
0.853533	0.38567770
0.853615	0.37819260
0.853698	0.37062550
0.853780	0.36307660
0.853861	0.35560700
0.853944	0.34807320
0.854026	0.34051820
0.854108	0.33285770
0.854191	0.32515470
0.854273	0.31750310
0.854355	0.30984610
0.854437	0.30215680
0.854519	0.29450870
0.854602	0.28682900
0.854684	0.27918950
0.854766	0.27159950
0.854848	0.26392390
0.854931	0.25625280
0.855013	0.24881570
0.855095	0.24206500
0.855177	0.23535850
0.855259	0.22865770
0.855342	0.22191410
0.855424	0.21522360
0.855507	0.20849880
0.855589	0.20180960
0.855671	0.19512600
0.855754	0.18840760
0.855836	0.18174180
0.855918	0.17510510
0.856001	0.16841980
0.856083	0.16361430
0.856166	0.15878390
0.856248	0.15398500
0.856330	0.14918920
0.856413	0.14436260
0.856495	0.13957380
0.856577	0.13478210
0.856660	0.12997110
0.856743	0.12518610
0.856824	0.12043250
0.856907	0.11562570
0.856990	0.11082210
0.857073	0.10722620
0.857155	0.10383820
0.857237	0.10042870
0.857320	0.09700590
0.857402	0.09360580
0.857485	0.09020420
0.857567	0.08678950
0.857650	0.08339370
0.857732	0.08000070
0.857815	0.07659430
0.857898	0.07320650
0.857981	0.06980170
0.858062	0.06752910
0.858145	0.06557630
0.858228	0.06362530
0.858310	0.06169660
0.858393	0.05976020
0.858476	0.05781200
0.858558	0.05587900
0.858641	0.05393410
0.858724	0.05200450
0.858806	0.05007430
0.858889	0.04813440
0.858972	0.04620770
0.859054	0.04471150
0.859137	0.04343400
0.859219	0.04217250
0.859302	0.04089560
0.859385	0.03962870
0.859467	0.03836280
0.859550	0.03708890
0.859633	0.03582340
0.859716	0.03456060
0.859799	0.03328970
0.859881	0.03202740
0.859964	0.03076610
0.860047	0.02976480
0.860130	0.02897400
0.860212	0.02818370
0.860295	0.02738930
0.860377	0.02660410
0.860461	0.02581090
0.860543	0.02502300
0.860626	0.02423480
0.860709	0.02344250
0.860792	0.02265620
0.860875	0.02186980
0.860958	0.02107920
0.861040	0.02043340
0.861124	0.01993090
0.861206	0.01943180
0.861289	0.01893530
0.861372	0.01843390
0.861455	0.01793290
0.861537	0.01743750
0.861621	0.01693720
0.861703	0.01643950
0.861786	0.01594220
0.861869	0.01544300
0.861952	0.01494650
0.862035	0.01451300
0.862118	0.01417000
0.862201	0.01382740
0.862284	0.01348310
0.862367	0.01314080
0.862450	0.01280120
0.862533	0.01245750
0.862616	0.01211460
0.862699	0.01177370
0.862782	0.01143350
0.862865	0.01109320
0.862948	0.01075130
0.863031	0.01044830
0.863114	0.01020590
0.863198	0.00996230
0.863281	0.00972030
0.863364	0.00947830
0.863447	0.00923530
0.863530	0.00899400
0.863613	0.00875120
0.863696	0.00851150
0.863779	0.00827080
0.863862	0.00802870
0.863945	0.00778820
0.864028	0.00757040
0.864112	0.00739540
0.864195	0.00722150
0.864278	0.00704770
0.864361	0.00687310
0.864444	0.00669930
0.864528	0.00652490
0.864610	0.00635240
0.864694	0.00617820
0.864778	0.00600390
0.864860	0.00583180
0.864943	0.00565900
0.865027	0.00550070
0.865110	0.00537610
0.865194	0.00525080
0.865277	0.00512640
0.865360	0.00500200
0.865443	0.00487700
0.865527	0.00475290
0.865610	0.00462880
0.865693	0.00450410
0.865776	0.00438090
0.865860	0.00425630
0.865943	0.00413260
0.866026	0.00402050
0.866110	0.00393350
0.866193	0.00384680
0.866276	0.00376020
0.866360	0.00367330
0.866443	0.00358690
0.866526	0.00350040
0.866610	0.00341370
0.866693	0.00332740
0.866777	0.00324130
0.866860	0.00315460
0.866943	0.00306900
0.867027	0.00299860
0.867110	0.00296240
0.867194	0.00292630
0.867277	0.00288990
0.867361	0.00285380
0.867444	0.00281780
0.867528	0.00278150
0.867611	0.00274550
0.867695	0.00270930
0.867778	0.00267330
